DeltaTime_s,AccelX,AccelY,AccelZ,GyroX,GyroY,GyroZ,Temp
0.000000,0.177,0.115,-0.885,-6.382,4.382,3.679,30.41
0.012019,0.159,0.135,-0.867,-8.092,-1.863,6.382,30.37
0.019861,0.106,0.119,-0.882,-9.420,-2.076,6.198,30.41
0.031600,0.082,0.147,-0.847,-9.023,-2.489,8.092,30.41
0.039542,0.023,0.161,-0.850,-11.282,-1.221,10.168,30.46
0.051139,-0.030,0.176,-0.857,-14.534,0.855,12.931,30.32
0.058310,-0.125,0.201,-0.884,-18.870,-1.450,12.458,30.37
0.070716,-0.198,0.196,-0.899,-16.901,-2.321,4.565,30.41
0.078258,-0.226,0.195,-0.905,-12.473,-3.863,-5.206,30.46
0.090228,-0.228,0.194,-0.884,-6.031,-2.489,-13.771,30.46
0.102395,-0.215,0.210,-0.863,-3.282,-1.008,-25.817,30.41
0.109499,-0.151,0.198,-0.882,-2.229,3.313,-35.527,30.37
0.121834,-0.056,0.159,-0.916,0.305,6.229,-40.183,30.41
0.129273,0.014,0.145,-0.920,4.992,8.336,-41.313,30.37
0.141642,0.064,0.163,-0.896,7.252,7.527,-38.595,30.46
0.149014,0.039,0.169,-0.890,6.977,7.588,-38.763,30.37
0.161898,0.015,0.175,-0.903,7.939,7.649,-40.244,30.37
0.169336,-0.010,0.178,-0.902,11.221,8.168,-41.954,30.41
0.181177,-0.034,0.193,-0.889,15.145,8.641,-45.282,30.46
0.188343,-0.026,0.197,-0.874,16.611,10.947,-49.954,30.46
0.200600,-0.020,0.193,-0.842,15.527,12.000,-52.229,30.41
0.207657,-0.029,0.201,-0.831,14.076,13.267,-53.145,30.46
0.220435,-0.043,0.207,-0.816,12.641,15.038,-54.992,30.41
0.232193,0.000,0.167,-0.857,15.008,15.710,-56.916,30.46
0.239838,-0.045,0.201,-0.814,17.634,15.450,-57.008,30.41
0.251369,-0.068,0.220,-0.803,16.672,17.679,-60.015,30.41
0.259033,-0.065,0.231,-0.772,13.664,21.344,-65.252,30.37
0.270918,-0.043,0.231,-0.815,20.076,21.725,-69.878,30.32
0.278718,0.008,0.248,-0.808,20.763,23.328,-77.191,30.46
0.290797,0.066,0.229,-0.830,19.618,27.282,-80.565,30.41
0.297642,0.096,0.221,-0.860,21.084,27.710,-81.557,30.41
0.309983,0.122,0.216,-0.887,22.244,23.832,-85.481,30.37
0.322228,0.189,0.229,-0.841,24.473,14.214,-88.168,30.41
0.329657,0.264,0.215,-0.787,22.458,4.351,-84.473,30.37
0.342087,0.333,0.192,-0.765,11.344,-3.023,-75.527,30.41
0.349596,0.292,0.202,-0.768,4.366,-5.863,-70.137,30.37
0.361392,0.233,0.227,-0.758,1.374,-3.832,-68.382,30.46
0.369481,0.211,0.204,-0.815,2.687,-2.015,-71.252,30.41
0.381196,0.195,0.227,-0.795,5.298,-0.092,-73.969,30.37
0.388648,0.207,0.250,-0.783,9.130,5.649,-79.405,30.32
0.400964,0.255,0.233,-0.765,7.420,5.893,-82.305,30.46
0.408800,0.308,0.238,-0.743,-0.031,-2.748,-80.382,30.51
0.420742,0.355,0.194,-0.732,-4.275,-7.954,-78.718,30.46
0.427768,0.371,0.173,-0.743,-13.160,-18.275,-73.420,30.37
0.440418,0.371,0.167,-0.758,-17.221,-21.817,-69.435,30.41
0.451927,0.427,0.153,-0.763,-15.237,-25.710,-63.344,30.37
0.459101,0.411,0.144,-0.766,-23.145,-25.099,-56.153,30.41
0.471155,0.354,0.198,-0.782,-20.198,-17.267,-54.107,30.41
0.479002,0.370,0.168,-0.825,-12.366,-2.214,-57.023,30.37
0.490461,0.423,0.198,-0.826,-3.344,11.542,-61.389,30.41
0.497926,0.464,0.197,-0.864,-4.092,13.710,-59.802,30.37
0.510331,0.500,0.162,-0.955,-9.359,3.893,-55.573,30.51
0.522339,0.538,0.147,-0.966,-10.885,-13.069,-50.550,30.37
0.529355,0.542,0.103,-0.978,-11.145,-30.244,-41.542,30.46
0.541667,0.513,0.113,-0.955,-4.855,-41.069,-35.069,30.32
0.548938,0.550,0.194,-1.000,24.412,-42.137,-15.954,30.46
0.560946,0.607,0.098,-0.762,17.511,-11.756,-8.137,30.41
0.568405,0.441,0.054,-0.891,40.595,18.366,-5.954,30.37
0.580765,0.573,0.156,-0.633,49.221,33.985,-7.206,30.41
0.588416,0.388,0.197,-0.856,41.450,53.847,-9.237,30.41
0.600261,0.309,0.198,-0.831,39.359,36.107,-12.168,30.37
0.607639,0.312,0.210,-0.757,26.092,44.794,-30.366,30.41
0.620023,0.407,0.203,-0.736,9.053,31.939,-32.779,30.37
0.632415,0.434,0.146,-0.793,4.214,10.748,-25.878,30.41
0.640323,0.398,0.162,-0.784,7.191,-0.290,-26.977,30.37
0.651877,0.427,0.150,-0.794,13.664,2.977,-29.405,30.37
0.659334,0.493,0.116,-0.769,16.412,12.580,-26.137,30.32
0.671397,0.461,0.126,-0.788,16.870,25.542,-19.527,30.27
0.678972,0.375,0.164,-0.830,22.305,33.603,-16.412,30.41
0.690928,0.330,0.193,-0.837,30.641,39.969,-20.412,30.46
0.698374,0.362,0.207,-0.862,33.664,35.496,-24.198,30.22
0.710488,0.339,0.242,-0.873,26.595,17.756,-29.084,30.32
0.718361,0.322,0.225,-0.871,20.214,3.496,-38.916,30.27
0.730266,0.379,0.197,-0.871,15.908,-6.656,-45.939,30.41
0.742353,0.417,0.161,-0.878,13.786,-15.053,-46.947,30.46
0.749518,0.413,0.140,-0.858,13.679,-11.832,-45.038,30.32
0.761912,0.403,0.116,-0.861,24.015,2.534,-41.985,30.37
0.769036,0.416,0.115,-0.838,39.603,21.618,-38.931,30.41
0.781409,0.435,0.111,-0.781,50.107,38.351,-32.962,30.32
0.789118,0.376,0.162,-0.782,52.244,46.565,-27.221,30.46
0.800939,0.326,0.196,-0.765,45.511,42.931,-28.611,30.32
0.808362,0.326,0.179,-0.738,37.679,24.168,-33.786,30.37
0.820486,0.324,0.152,-0.730,27.573,7.634,-39.725,30.41
0.827768,0.333,0.273,-0.746,-19.160,10.977,-35.115,30.46
0.840234,0.361,0.186,-0.796,-2.107,-29.786,-45.542,30.41
0.852137,0.384,0.146,-0.760,4.122,-28.840,-54.183,30.41
0.859672,0.399,0.143,-0.787,16.137,-23.603,-54.870,30.37
0.871675,0.409,0.174,-0.774,23.053,-10.214,-57.084,30.41
0.878957,0.425,0.158,-0.789,28.183,1.267,-50.931,30.37
0.891253,0.420,0.142,-0.809,31.557,21.206,-54.031,30.32
0.898377,0.455,0.097,-0.900,46.229,39.359,-62.321,30.37
0.910781,0.557,0.125,-0.669,53.542,19.664,-52.275,30.37
0.918134,0.526,0.296,-0.596,46.580,7.374,-37.496,30.32
0.930910,0.598,0.244,-0.356,18.427,5.878,-43.664,30.37
0.937634,0.542,0.145,-0.555,-3.084,36.336,-30.641,30.41
0.950260,0.489,-0.002,-0.784,9.313,35.282,-32.076,30.46
0.962123,0.483,0.050,-0.720,10.260,18.015,-26.916,30.41
0.969511,0.471,0.065,-0.715,1.863,11.878,-24.962,30.46
0.981899,0.477,0.057,-0.809,2.672,6.183,-23.893,30.37
0.989860,0.486,0.003,-0.835,4.198,-0.397,-21.588,30.41
1.001643,0.502,0.066,-0.774,-3.206,9.191,-19.405,30.37
