DeltaTime_s,AccelX,AccelY,AccelZ,GyroX,GyroY,GyroZ,Temp
0.000000,-0.135,0.143,-0.955,-20.122,3.664,56.183,30.69
0.011871,-0.239,0.136,-0.997,-14.565,10.885,64.061,30.65
0.018982,-0.393,0.172,-1.012,-4.076,26.427,58.794,30.69
0.031319,-0.527,0.192,-0.986,1.023,40.595,46.275,30.65
0.038773,-0.580,0.182,-0.972,2.534,52.366,29.893,30.69
0.051106,-0.582,0.161,-0.922,3.878,60.153,13.160,30.69
0.058843,-0.528,0.174,-0.817,7.710,64.504,-4.229,30.74
0.070624,-0.402,0.169,-0.713,8.763,69.435,-13.847,30.60
0.078044,-0.308,0.198,-0.640,-1.038,66.748,-9.237,30.65
0.090476,-0.324,0.194,-0.673,-13.160,61.420,2.595,30.69
0.095987,-0.425,0.245,-0.650,-24.473,52.962,2.260,30.74
0.109760,-0.463,0.310,-0.610,-35.466,54.412,-12.656,30.74
0.121614,-0.406,0.339,-0.669,-46.015,54.901,-28.137,30.69
0.128734,-0.418,0.400,-0.879,-52.565,56.763,-37.832,30.74
0.140864,-0.406,0.433,-1.197,-67.496,88.885,-82.183,30.69
0.148152,-0.360,0.350,-1.417,-59.267,92.779,-55.481,30.74
0.160526,-0.192,0.263,-1.448,-43.924,86.656,-57.924,30.74
0.172248,-0.353,-0.225,-1.246,10.305,21.221,-52.702,30.65
0.179446,0.322,0.299,-1.228,16.855,-2.748,-46.580,30.74
0.191872,0.191,0.175,-1.101,29.893,-19.527,-20.748,30.69
0.198756,0.063,0.249,-0.922,45.924,-29.420,-13.298,30.65
0.211336,-0.099,0.351,-0.800,51.618,-29.344,-27.374,30.74
0.218095,-0.189,0.306,-0.729,38.718,-20.489,-38.198,30.79
0.230157,-0.253,0.318,-0.665,32.580,-20.779,-55.557,30.65
0.242283,-0.127,0.250,-0.636,21.832,-19.786,-74.321,30.69
0.249428,-0.021,0.220,-0.628,5.817,-13.221,-80.840,30.74
0.261869,0.059,0.236,-0.619,-3.817,-19.053,-82.015,30.69
0.268927,0.189,0.212,-0.695,-10.595,-19.542,-79.328,30.79
0.280870,0.337,0.175,-0.809,-15.053,-17.038,-70.137,30.74
0.288154,0.294,0.154,-0.907,-10.489,-7.496,-53.557,30.79
0.300403,0.177,0.200,-0.951,-1.282,6.672,-50.214,30.74
0.308085,0.042,0.226,-0.961,11.985,7.710,-49.908,30.69
0.320352,-0.036,0.261,-0.959,23.023,10.779,-60.473,30.69
0.332260,-0.026,0.282,-0.914,29.954,5.282,-72.168,30.65
0.339856,0.041,0.303,-0.836,29.466,-7.802,-82.412,30.69
0.352473,0.101,0.297,-0.790,23.069,-23.847,-87.985,30.65
0.359405,0.113,0.255,-0.772,16.122,-25.115,-90.092,30.69
0.371321,0.087,0.289,-0.733,19.084,-22.397,-88.244,30.65
0.378276,0.163,0.292,-0.710,22.046,-6.672,-90.611,30.74
0.390910,0.220,0.289,-0.733,25.511,15.786,-82.916,30.79
0.397812,0.142,0.322,-0.784,33.023,43.420,-77.863,30.74
0.410549,0.017,0.393,-0.799,35.450,55.237,-86.824,30.69
0.422354,0.013,0.407,-0.853,33.664,49.924,-104.977,30.74
0.429441,0.107,0.418,-0.870,30.626,30.458,-117.634,30.74
0.441992,0.278,0.377,-0.875,24.473,5.924,-122.992,30.65
0.449036,0.393,0.312,-0.912,21.710,-9.160,-112.977,30.65
0.461458,0.430,0.303,-0.916,27.924,-4.885,-100.275,30.69
0.468869,0.505,0.284,-0.915,38.748,14.275,-92.382,30.65
0.480965,0.514,0.262,-0.908,50.550,46.473,-78.702,30.65
0.487947,0.394,0.286,-0.901,58.244,70.779,-70.168,30.69
0.500346,0.209,0.336,-0.886,59.878,71.786,-72.931,30.74
0.506302,0.067,0.371,-0.845,51.939,47.603,-84.947,30.79
0.520417,0.031,0.368,-0.823,40.992,10.458,-95.924,30.74
0.531912,0.116,0.323,-0.763,31.405,-20.168,-106.641,30.60
0.539584,0.230,0.346,-0.740,23.344,-41.160,-103.649,30.69
0.551526,0.197,0.317,-0.706,17.511,-18.687,-106.794,30.65
0.558309,0.534,0.673,-0.719,30.260,-11.053,-85.817,30.69
0.570664,0.273,0.327,-0.865,89.496,36.153,-107.130,30.74
0.578053,0.418,0.323,-0.615,61.466,92.031,-107.221,30.69
0.590457,0.291,0.392,-0.825,33.267,122.305,-101.084,30.60
0.602161,0.260,0.287,-1.017,50.153,112.458,-102.718,30.65
0.609038,0.220,0.367,-0.883,55.878,63.985,-107.221,30.69
0.621191,0.334,0.379,-0.770,51.359,12.870,-114.168,30.74
0.628351,0.579,0.319,-0.686,46.443,-7.695,-114.702,30.69
0.640759,0.752,0.281,-0.655,41.008,3.664,-103.786,30.74
0.647863,0.767,0.224,-0.701,44.229,37.282,-90.763,30.65
0.660541,0.665,0.200,-0.762,52.031,68.702,-82.137,30.60
0.666028,0.476,0.238,-0.775,58.641,74.992,-84.733,30.55
0.679737,0.362,0.226,-0.761,70.366,59.679,-91.756,30.60
0.691965,0.204,0.228,-0.681,72.733,38.305,-101.679,30.65
0.699321,0.117,0.339,-0.478,50.275,19.893,-111.313,30.65
0.711458,0.031,0.367,-0.474,40.229,5.237,-125.496,30.74
0.719122,0.115,0.542,-0.637,29.252,9.908,-133.313,30.65
0.730912,0.290,0.473,-0.359,14.611,-1.802,-137.679,30.60
0.738797,0.477,0.457,-0.552,10.901,-4.061,-134.244,30.65
0.750514,0.455,0.414,-0.671,8.092,16.473,-117.176,30.65
0.756295,0.413,0.456,-0.896,15.649,36.794,-112.702,30.60
0.769810,0.433,0.469,-0.996,28.519,52.305,-115.527,30.65
0.781901,0.421,0.497,-0.975,43.786,50.198,-121.969,30.69
0.789121,0.428,0.504,-0.926,51.160,39.008,-136.458,30.65
0.801216,0.584,0.355,-0.995,61.832,38.733,-146.290,30.60
0.808410,0.633,0.306,-0.804,77.313,44.229,-144.672,30.60
0.820893,0.702,0.278,-0.653,89.985,62.122,-159.237,30.65
0.828130,0.955,0.247,-0.494,104.779,61.450,-147.603,30.60
0.840148,0.818,0.299,-0.385,94.580,68.962,-132.214,30.65
0.852262,0.600,0.373,-0.375,80.183,75.191,-137.634,30.69
0.859301,0.593,0.382,-0.390,72.824,67.939,-149.176,30.69
0.871430,0.624,0.405,-0.388,68.382,57.344,-150.779,30.74
0.878628,0.793,0.397,-0.385,62.290,39.374,-136.427,30.60
0.890973,1.090,0.386,-0.326,33.969,35.863,-148.382,30.65
0.898122,1.146,0.330,-0.490,38.824,31.084,-134.779,30.60
0.910584,1.154,0.216,-0.573,57.176,29.557,-137.130,30.74
0.916494,1.062,0.083,-0.630,70.305,27.847,-82.397,30.74
0.929913,1.331,0.049,-0.606,102.198,18.168,-82.076,30.69
0.942022,1.115,0.317,-0.667,89.893,-23.863,-83.511,30.65
0.948824,1.500,-0.021,-0.482,112.931,-32.580,-109.832,30.60
0.961113,1.343,0.114,-0.050,55.924,-10.137,-47.115,30.65
0.968379,0.974,0.293,-0.303,17.740,-5.542,-61.252,30.60
0.980519,1.127,-0.678,-0.543,60.168,-30.656,-86.794,30.74
0.987633,1.132,0.283,-0.188,30.504,-34.550,-0.198,30.65
1.000105,0.777,0.284,-0.421,8.687,-53.908,-1.328,30.60
