DeltaTime_s,AccelX,AccelY,AccelZ,GyroX,GyroY,GyroZ,Temp
0.000000,-0.665,0.567,-1.101,52.718,50.977,-108.763,30.60
0.011620,-0.711,0.583,-1.093,61.160,41.435,-129.756,30.65
0.018996,-0.592,0.582,-0.927,67.542,24.992,-151.878,30.51
0.030664,-0.357,0.539,-0.766,67.237,11.130,-163.969,30.55
0.042812,-0.142,0.529,-0.616,63.527,13.725,-171.649,30.46
0.049808,0.034,0.374,-0.494,54.733,21.084,-163.573,30.51
0.061819,0.148,0.379,-0.428,53.038,44.443,-165.954,30.46
0.069120,0.487,0.315,-0.391,44.443,56.260,-163.893,30.51
0.081236,0.608,0.225,-0.387,39.038,75.985,-138.336,30.46
0.088355,0.398,0.228,-0.453,38.107,98.916,-131.206,30.51
0.100428,0.343,0.250,-0.498,29.924,99.298,-153.802,30.51
0.112631,0.378,0.237,-0.610,17.802,86.107,-172.412,30.46
0.119952,0.395,0.296,-0.665,-1.527,41.634,-193.267,30.51
0.131658,0.694,0.312,-0.684,-22.595,-7.924,-201.237,30.46
0.139209,1.012,0.182,-0.739,-38.046,-17.863,-190.733,30.41
0.150476,1.164,0.168,-0.770,-26.183,-21.664,-159.786,30.46
0.162613,1.304,0.096,-0.848,-14.748,-6.809,-130.916,30.46
0.169782,1.214,0.070,-0.921,5.069,32.931,-97.344,30.60
0.182144,0.850,0.133,-0.938,27.298,52.260,-76.519,30.46
0.189270,0.562,0.201,-0.875,36.809,48.580,-81.237,30.51
0.201455,0.420,0.254,-0.723,38.870,28.504,-92.870,30.55
0.208564,0.389,0.293,-0.532,34.733,-3.649,-103.099,30.55
0.220461,0.343,0.305,-0.388,24.550,-22.015,-116.412,30.51
0.232766,0.241,0.360,-0.376,9.527,-27.985,-136.076,30.55
0.240324,0.295,0.409,-0.388,-9.664,-27.618,-165.115,30.51
0.251897,0.612,0.384,-0.516,-8.641,-41.603,-164.168,30.46
0.258617,0.693,0.493,-0.460,-23.130,-47.939,-154.122,30.41
0.270933,0.821,0.466,-0.585,-27.756,0.137,-161.405,30.55
0.282777,0.983,0.361,-0.776,-2.336,42.733,-123.573,30.55
0.289988,0.894,0.449,-0.819,26.748,51.954,-87.527,30.41
0.302404,0.639,0.554,-0.686,20.351,81.802,-84.611,30.55
0.309570,0.461,0.579,-0.776,18.305,98.458,-94.321,30.41
0.321908,0.461,0.625,-0.784,13.985,68.626,-92.427,30.46
0.328803,0.521,0.631,-0.770,6.748,11.634,-93.939,30.55
0.341457,0.612,0.468,-0.738,-8.137,0.870,-106.366,30.46
0.348079,0.737,0.441,-0.861,-12.031,11.725,-112.473,30.55
0.360588,1.021,0.357,-0.921,-3.069,13.603,-107.176,30.51
0.372655,1.267,0.279,-0.959,7.206,23.618,-78.412,30.46
0.380075,1.193,0.242,-1.008,25.023,37.374,-45.679,30.51
0.391814,0.979,0.249,-0.948,41.145,49.603,-23.130,30.51
0.399034,0.698,0.279,-0.874,55.985,56.870,-14.641,30.46
0.411261,0.430,0.337,-0.845,66.321,58.412,-21.466,30.51
0.419004,0.289,0.365,-0.726,62.076,47.038,-34.397,30.46
0.430776,0.226,0.385,-0.648,48.198,29.573,-51.130,30.51
0.442819,0.217,0.414,-0.585,40.748,5.374,-71.282,30.46
0.450330,0.298,0.429,-0.573,26.473,-9.252,-89.786,30.46
0.462140,0.564,0.375,-0.587,12.366,-26.977,-98.550,30.60
0.469796,0.856,0.306,-0.514,0.840,-36.611,-86.137,30.46
0.481714,0.982,0.285,-0.441,0.443,-22.656,-67.252,30.51
0.488568,1.095,0.230,-0.534,-11.359,21.115,-42.702,30.46
0.501039,1.001,0.192,-0.732,-5.008,67.481,-23.527,30.41
0.508818,0.854,0.214,-0.938,-2.672,101.206,-5.221,30.51
0.520247,0.521,0.286,-1.051,-0.840,96.977,-5.405,30.46
0.532744,0.440,0.225,-1.213,31.130,60.809,-7.802,30.51
0.539878,0.407,0.238,-1.011,31.817,20.031,-22.305,30.46
0.551928,0.464,0.245,-0.909,16.534,-11.191,-18.015,30.51
0.559362,0.481,0.197,-0.850,6.275,-32.962,-17.924,30.46
0.571457,0.543,0.194,-0.781,4.229,-38.672,-19.710,30.46
0.578408,0.654,0.179,-0.690,2.458,-34.351,-19.618,30.51
0.591268,0.689,0.172,-0.652,-0.061,-25.908,-6.779,30.46
0.602827,0.650,0.160,-0.670,-4.122,-17.893,4.763,30.41
0.610476,0.583,0.152,-0.733,-5.985,-5.435,12.534,30.55
0.622717,0.490,0.147,-0.816,-4.519,3.740,16.840,30.51
0.630065,0.406,0.153,-0.882,1.023,2.229,17.588,30.60
0.642419,0.323,0.171,-0.888,7.038,0.183,15.038,30.55
0.649893,0.308,0.193,-0.870,9.435,-2.626,8.198,30.51
0.662155,0.332,0.194,-0.791,8.534,-11.069,3.237,30.46
0.670326,0.385,0.184,-0.756,5.710,-14.519,3.069,30.41
0.681910,0.373,0.177,-0.750,3.847,-11.557,3.023,30.55
0.689369,0.362,0.163,-0.786,2.244,-4.977,1.527,30.55
0.701952,0.395,0.155,-0.781,-0.229,-2.015,1.191,30.51
0.709102,0.415,0.160,-0.776,1.206,-0.305,2.931,30.46
0.721461,0.411,0.157,-0.785,1.450,4.000,5.405,30.51
0.729036,0.391,0.164,-0.786,2.260,6.565,6.779,30.55
0.741425,0.408,0.178,-0.789,1.328,3.313,8.473,30.51
0.748889,0.371,0.171,-0.794,0.046,-2.061,10.183,30.55
0.761237,0.321,0.158,-0.802,-2.153,-6.626,7.374,30.46
0.768429,0.302,0.151,-0.835,-5.084,-16.260,4.611,30.51
0.780702,0.321,0.149,-0.863,-6.641,-26.198,2.870,30.46
0.787170,0.373,0.148,-0.855,-5.466,-29.618,3.542,30.41
0.800214,0.385,0.157,-0.840,-2.672,-25.664,5.588,30.46
0.812646,0.395,0.156,-0.813,-0.824,-16.244,6.183,30.46
0.819850,0.393,0.163,-0.793,-0.412,-8.275,6.153,30.55
0.832164,0.409,0.147,-0.792,-2.061,-5.771,8.748,30.46
0.840039,0.368,0.134,-0.810,-2.198,-3.908,12.550,30.51
0.851915,0.318,0.127,-0.857,-1.695,-4.565,13.511,30.46
0.859635,0.292,0.126,-0.872,0.595,-6.321,11.084,30.51
0.871448,0.286,0.127,-0.860,1.695,-11.527,10.809,30.46
0.878648,0.270,0.137,-0.820,0.489,-17.282,9.878,30.46
0.891519,0.265,0.146,-0.798,0.397,-18.137,7.527,30.46
0.898418,0.267,0.145,-0.784,0.015,-15.695,4.550,30.46
0.911068,0.296,0.134,-0.782,-0.595,-11.466,3.450,30.51
0.918162,0.292,0.130,-0.791,0.855,-2.687,4.122,30.55
0.930500,0.278,0.128,-0.786,1.863,5.130,3.771,30.55
0.938124,0.268,0.127,-0.798,1.282,6.718,4.519,30.51
0.950781,0.224,0.137,-0.797,1.557,4.656,6.137,30.55
0.958060,0.179,0.151,-0.798,0.794,2.275,2.855,30.41
0.970182,0.168,0.167,-0.804,-0.061,-1.802,-3.298,30.46
0.982662,0.210,0.170,-0.789,-1.710,-6.061,-7.863,30.51
0.990290,0.250,0.174,-0.788,-3.191,-8.290,-10.275,30.51
1.001843,0.292,0.156,-0.784,-4.168,-6.824,-10.824,30.55
