DeltaTime_s,AccelX,AccelY,AccelZ,GyroX,GyroY,GyroZ,Temp
0.000000,0.937000,0.626000,0.464000,-3.908000,8.489000,18.458000,0.000000
0.001000,0.937000,0.565000,0.472000,-9.924000,6.824000,13.649000,0.000000
0.001000,0.918000,0.484000,0.487000,-13.557000,7.725000,14.290000,0.000000
0.001000,0.929000,0.418000,0.487000,-14.275000,12.076000,14.718000,0.000000
0.002000,0.914000,0.351000,0.515000,-14.122000,14.870000,13.832000,0.000000
0.002000,0.921000,0.281000,0.518000,-10.107000,16.962000,10.275000,0.000000
0.002000,0.903000,0.224000,0.530000,-5.389000,17.634000,5.863000,0.000000
0.003000,0.921000,0.240000,0.523000,-3.924000,18.489000,6.366000,0.000000
0.003000,0.933000,0.195000,0.532000,-4.992000,20.427000,9.893000,0.000000
0.003000,0.932000,0.113000,0.539000,-3.756000,22.092000,13.893000,0.000000
0.004000,0.900000,0.061000,0.513000,-0.473000,21.756000,18.092000,0.000000
0.004000,0.925000,0.067000,0.523000,3.573000,21.542000,21.756000,0.000000
0.004000,0.966000,0.066000,0.541000,7.710000,22.290000,19.985000,0.000000
0.004000,0.942000,0.077000,0.539000,12.092000,22.824000,16.855000,0.000000
0.005000,0.926000,0.110000,0.517000,13.771000,22.122000,15.099000,0.000000
0.005000,0.924000,0.139000,0.500000,12.885000,21.038000,12.794000,0.000000
0.006000,0.900000,0.165000,0.486000,9.954000,18.840000,11.298000,0.000000
0.006000,0.889000,0.138000,0.487000,8.137000,16.290000,11.267000,0.000000
0.006000,0.897000,0.092000,0.513000,8.397000,13.588000,12.519000,0.000000
0.007000,0.904000,0.056000,0.518000,11.298000,12.885000,14.397000,0.000000
0.007000,0.893000,0.075000,0.520000,13.053000,13.176000,18.061000,0.000000
0.008000,0.910000,0.104000,0.500000,13.115000,13.221000,20.656000,0.000000
0.008000,0.906000,0.099000,0.511000,13.191000,13.435000,22.641000,0.000000
0.008000,0.898000,0.126000,0.498000,13.282000,12.977000,24.672000,0.000000
0.009000,0.891000,0.172000,0.477000,11.267000,12.763000,25.099000,0.000000
0.009000,0.880000,0.187000,0.487000,8.183000,10.916000,24.748000,0.000000
0.009000,0.908000,0.160000,0.514000,6.779000,9.603000,22.061000,0.000000
0.010000,0.905000,0.145000,0.502000,7.405000,7.634000,17.969000,0.000000
0.010000,0.920000,0.157000,0.506000,6.885000,6.702000,16.336000,0.000000
0.010000,0.905000,0.145000,0.516000,5.557000,6.504000,16.687000,0.000000
0.011000,0.893000,0.115000,0.522000,5.817000,6.076000,17.466000,0.000000
0.011000,0.893000,0.121000,0.521000,6.565000,5.496000,19.023000,0.000000
0.011000,0.892000,0.135000,0.517000,5.786000,4.382000,19.847000,0.000000
0.011000,0.920000,0.101000,0.541000,6.763000,4.748000,19.878000,0.000000
0.012000,0.927000,0.110000,0.542000,8.519000,5.435000,18.397000,0.000000
0.012000,0.930000,0.136000,0.544000,9.252000,6.214000,16.748000,0.000000
0.012000,0.935000,0.127000,0.540000,10.336000,7.176000,14.702000,0.000000
0.012000,0.942000,0.148000,0.534000,11.878000,8.107000,13.252000,0.000000
0.013000,0.946000,0.157000,0.547000,11.771000,8.916000,12.840000,0.000000
0.013000,0.985000,0.152000,0.559000,12.183000,10.534000,10.870000,0.000000
0.013000,0.999000,0.146000,0.563000,12.840000,12.046000,9.191000,0.000000
0.014000,1.003000,0.138000,0.574000,13.313000,13.069000,9.863000,0.000000
0.014000,1.019000,0.131000,0.593000,14.565000,15.481000,9.466000,0.000000
0.014000,1.009000,0.105000,0.608000,16.580000,18.046000,8.153000,0.000000
0.014000,0.998000,0.188000,0.590000,16.046000,20.901000,10.366000,0.000000
0.015000,0.954000,0.167000,0.582000,15.802000,22.519000,10.641000,0.000000
0.015000,0.914000,0.141000,0.569000,15.939000,23.191000,11.344000,0.000000
0.015000,0.901000,0.155000,0.556000,17.313000,23.771000,11.084000,0.000000
0.015000,0.880000,0.159000,0.548000,19.282000,24.626000,10.809000,0.000000
0.016000,0.814000,0.169000,0.529000,22.885000,24.916000,10.427000,0.000000
0.016000,0.756000,0.227000,0.496000,26.656000,22.824000,8.809000,0.000000
0.016000,0.684000,0.314000,0.447000,32.183000,17.924000,3.527000,0.000000
0.016000,0.651000,0.434000,0.408000,40.229000,12.595000,-6.290000,0.000000
0.017000,0.604000,0.648000,0.337000,49.771000,7.359000,-19.588000,0.000000
0.017000,1.399000,2.292000,-1.171000,-374.672000,-144.351000,-263.985000,0.000000
0.017000,1.589000,1.098000,-1.033000,-380.702000,-170.244000,-304.336000,0.000000
0.017000,1.774000,0.074000,-0.786000,-377.099000,-173.786000,-294.977000,0.000000
0.018000,1.994000,-0.885000,-0.458000,-356.947000,-162.840000,-275.466000,0.000000
0.018000,1.924000,-1.528000,-0.214000,-325.969000,-137.267000,-246.595000,0.000000
0.018000,1.836000,-1.815000,-0.002000,-295.115000,-119.206000,-220.794000,0.000000
0.019000,1.767000,-1.983000,0.187000,-256.870000,-102.534000,-213.832000,0.000000
0.019000,1.563000,-2.002000,0.274000,-228.885000,-93.618000,-183.603000,0.000000
0.019000,1.468000,-2.292000,0.418000,-204.763000,-88.763000,-142.763000,0.000000
0.019000,1.624000,-2.532000,0.655000,-156.947000,-77.252000,-118.275000,0.000000
0.020000,1.601000,-2.392000,0.785000,-108.458000,-61.359000,-95.939000,0.000000
0.020000,1.493000,-2.264000,0.837000,-71.893000,-45.145000,-64.382000,0.000000
0.020000,1.385000,-2.230000,0.882000,-29.969000,-28.168000,-30.687000,0.000000
0.021000,1.236000,-1.962000,0.795000,9.557000,-14.489000,5.023000,0.000000
0.021000,1.188000,-1.655000,0.700000,39.344000,-6.076000,42.382000,0.000000
0.021000,1.206000,-1.350000,0.603000,65.863000,1.771000,73.267000,0.000000
0.022000,1.303000,-0.956000,0.480000,87.252000,8.290000,93.466000,0.000000
0.022000,1.388000,-0.567000,0.388000,101.832000,11.969000,96.061000,0.000000
0.022000,1.445000,-0.220000,0.324000,109.863000,14.763000,93.038000,0.000000
0.022000,1.447000,0.060000,0.293000,108.031000,20.519000,95.374000,0.000000
0.023000,1.397000,0.206000,0.267000,101.634000,23.817000,99.420000,0.000000
0.023000,1.348000,0.196000,0.295000,95.008000,25.328000,102.855000,0.000000
0.023000,1.320000,0.151000,0.314000,95.603000,28.336000,105.634000,0.000000
0.024000,1.310000,0.141000,0.348000,99.710000,31.435000,107.221000,0.000000
0.024000,1.259000,0.146000,0.357000,103.466000,34.260000,107.008000,0.000000
0.024000,1.226000,0.163000,0.352000,107.252000,37.313000,107.191000,0.000000
0.025000,1.182000,0.198000,0.334000,111.237000,40.672000,106.702000,0.000000
0.025000,1.138000,0.238000,0.337000,113.008000,42.855000,103.573000,0.000000
0.025000,1.129000,0.256000,0.333000,116.443000,45.557000,97.282000,0.000000
0.025000,1.092000,0.306000,0.329000,119.069000,47.954000,92.076000,0.000000
0.026000,1.044000,0.337000,0.313000,120.611000,49.023000,89.481000,0.000000
0.026000,1.042000,0.407000,0.318000,120.198000,50.000000,84.824000,0.000000
0.026000,1.017000,0.450000,0.321000,118.290000,51.008000,78.275000,0.000000
0.027000,0.985000,0.474000,0.299000,116.748000,49.344000,70.366000,0.000000
0.027000,0.948000,0.531000,0.308000,112.550000,47.725000,67.115000,0.000000
0.027000,0.930000,0.579000,0.320000,104.824000,46.260000,67.023000,0.000000
0.027000,0.918000,0.595000,0.314000,96.000000,44.534000,67.130000,0.000000
0.028000,0.899000,0.547000,0.339000,88.763000,41.908000,63.527000,0.000000
0.028000,0.879000,0.507000,0.358000,83.802000,39.466000,61.435000,0.000000
0.028000,0.880000,0.509000,0.361000,79.679000,38.076000,59.023000,0.000000
0.028000,0.876000,0.543000,0.363000,73.649000,36.397000,56.565000,0.000000
0.029000,0.879000,0.490000,0.378000,69.435000,33.496000,49.649000,0.000000
0.029000,0.872000,0.454000,0.385000,68.000000,31.328000,43.740000,0.000000
0.029000,0.882000,0.480000,0.392000,64.550000,29.420000,38.947000,0.000000
0.030000,0.872000,0.458000,0.412000,58.504000,27.496000,36.107000,0.000000
0.030000,0.872000,0.403000,0.441000,53.237000,25.405000,34.870000,0.000000
