DeltaTime_s,AccelX,AccelY,AccelZ,GyroX,GyroY,GyroZ,Temp
0.000000,0.994000,0.253000,0.009000,-4.183000,2.473000,-3.099000,0.000000
0.021000,0.962000,0.249000,0.009000,-2.748000,1.588000,-2.427000,0.000000
0.041000,0.973000,0.261000,0.018000,-0.794000,1.206000,-3.115000,0.000000
0.057000,0.984000,0.284000,0.001000,-0.534000,1.664000,-2.718000,0.000000
0.068000,0.976000,0.293000,0.012000,-1.069000,1.710000,-2.412000,0.000000
0.073000,0.975000,0.308000,0.008000,-1.481000,1.695000,-3.420000,0.000000
0.086000,0.975000,0.316000,0.003000,-3.496000,1.939000,-4.366000,0.000000
0.097000,0.971000,0.301000,-0.002000,-3.740000,2.153000,-6.611000,0.000000
0.106000,0.968000,0.293000,-0.002000,-4.321000,2.198000,-7.176000,0.000000
0.118000,0.963000,0.279000,0.002000,-4.626000,0.992000,-6.931000,0.000000
0.122000,0.968000,0.274000,0.003000,-4.137000,0.550000,-6.076000,0.000000
0.135000,0.981000,0.267000,0.008000,-3.634000,0.275000,-4.565000,0.000000
0.147000,0.980000,0.270000,0.018000,-3.176000,0.641000,-3.145000,0.000000
0.155000,0.977000,0.288000,0.021000,-3.023000,0.779000,-2.412000,0.000000
0.168000,0.970000,0.285000,0.013000,-3.130000,0.626000,-1.374000,0.000000
0.180000,0.969000,0.307000,0.010000,-4.458000,-0.168000,-1.237000,0.000000
0.187000,0.966000,0.304000,0.013000,-5.450000,-0.763000,-2.687000,0.000000
0.201000,0.966000,0.297000,0.009000,-6.702000,-1.252000,-3.634000,0.000000
0.221000,0.984000,0.262000,0.012000,-7.420000,-2.443000,-3.756000,0.000000
0.229000,0.991000,0.249000,0.015000,-7.130000,-2.275000,-2.641000,0.000000
0.237000,1.003000,0.245000,0.018000,-6.489000,-1.420000,-1.878000,0.000000
0.249000,1.004000,0.242000,0.034000,-6.183000,-0.534000,-1.298000,0.000000
0.258000,1.004000,0.234000,0.010000,-5.298000,0.947000,-1.802000,0.000000
0.269000,1.001000,0.228000,0.005000,-4.229000,1.511000,-2.031000,0.000000
0.279000,0.989000,0.229000,-0.011000,-3.298000,1.237000,-2.687000,0.000000
0.288000,0.976000,0.238000,-0.012000,-2.305000,0.321000,-2.992000,0.000000
0.295000,0.984000,0.235000,-0.001000,-1.969000,-0.916000,-2.580000,0.000000
0.311000,0.994000,0.240000,-0.003000,-1.664000,-1.252000,-2.153000,0.000000
0.319000,1.013000,0.234000,-0.002000,-1.908000,-0.397000,-1.710000,0.000000
0.331000,1.008000,0.233000,0.003000,-1.588000,0.214000,-1.084000,0.000000
0.351000,0.998000,0.232000,-0.015000,-0.458000,0.718000,-0.031000,0.000000
0.372000,1.009000,0.245000,-0.006000,0.015000,1.817000,-0.702000,0.000000
0.390000,0.986000,0.232000,-0.004000,1.008000,2.504000,-0.763000,0.000000
0.398000,0.982000,0.231000,-0.011000,1.374000,2.305000,-0.809000,0.000000
0.410000,0.991000,0.223000,0.010000,2.168000,2.290000,-0.779000,0.000000
0.419000,0.991000,0.208000,-0.007000,3.115000,2.198000,-0.351000,0.000000
0.428000,0.988000,0.200000,-0.005000,5.206000,1.756000,0.687000,0.000000
0.438000,0.993000,0.212000,-0.008000,6.809000,1.008000,2.641000,0.000000
0.452000,1.001000,0.227000,-0.004000,7.649000,1.099000,3.511000,0.000000
0.471000,1.015000,0.293000,0.012000,7.008000,3.588000,1.786000,0.000000
0.477000,1.001000,0.301000,0.001000,5.832000,4.153000,-0.641000,0.000000
0.492000,0.980000,0.291000,-0.007000,5.206000,3.542000,-2.580000,0.000000
0.500000,0.969000,0.273000,-0.017000,5.008000,2.290000,-2.504000,0.000000
0.511000,0.991000,0.260000,-0.002000,4.962000,2.122000,-1.313000,0.000000
0.520000,1.006000,0.256000,0.002000,5.649000,2.885000,-0.122000,0.000000
0.532000,0.997000,0.255000,0.007000,6.168000,4.641000,1.817000,0.000000
0.548000,0.980000,0.279000,0.000000,6.611000,4.916000,1.008000,0.000000
0.561000,0.975000,0.293000,0.014000,5.282000,4.550000,-0.931000,0.000000
0.567000,0.975000,0.273000,0.025000,3.847000,3.649000,-2.947000,0.000000
0.581000,0.980000,0.251000,0.017000,2.733000,2.794000,-3.695000,0.000000
0.588000,0.990000,0.234000,0.023000,1.221000,1.878000,-3.649000,0.000000
0.601000,1.004000,0.218000,0.020000,0.870000,2.519000,-4.137000,0.000000
0.609000,1.015000,0.196000,0.015000,0.901000,3.420000,-2.336000,0.000000
0.621000,1.011000,0.174000,-0.011000,1.924000,4.366000,-1.145000,0.000000
0.629000,1.006000,0.148000,-0.028000,4.473000,3.863000,0.611000,0.000000
0.639000,0.996000,0.142000,-0.035000,7.573000,3.389000,2.504000,0.000000
0.646000,1.009000,0.152000,-0.032000,9.359000,2.733000,4.092000,0.000000
0.661000,1.002000,0.144000,-0.030000,11.237000,2.382000,5.206000,0.000000
0.669000,1.010000,0.161000,-0.028000,12.534000,2.061000,6.397000,0.000000
0.681000,1.022000,0.164000,-0.025000,13.237000,2.015000,6.794000,0.000000
0.689000,1.010000,0.159000,-0.029000,13.588000,1.466000,7.435000,0.000000
0.701000,1.014000,0.171000,-0.029000,13.191000,1.298000,8.748000,0.000000
0.709000,1.029000,0.170000,-0.029000,13.038000,1.893000,9.252000,0.000000
0.721000,1.042000,0.183000,-0.009000,11.985000,3.557000,9.481000,0.000000
0.728000,1.058000,0.186000,-0.006000,10.656000,5.115000,9.908000,0.000000
0.741000,1.074000,0.166000,-0.022000,11.221000,8.305000,6.855000,0.000000
0.749000,1.056000,0.147000,-0.034000,12.153000,10.214000,6.015000,0.000000
0.761000,1.067000,0.125000,-0.043000,13.115000,10.885000,6.855000,0.000000
0.769000,1.058000,0.107000,-0.065000,16.137000,11.420000,10.519000,0.000000
0.781000,1.045000,0.094000,-0.070000,19.542000,10.351000,14.489000,0.000000
0.789000,1.022000,0.115000,-0.067000,21.893000,9.206000,20.473000,0.000000
0.795000,1.004000,0.163000,-0.050000,21.664000,7.985000,21.573000,0.000000
0.804000,1.000000,0.204000,-0.017000,19.679000,6.794000,19.679000,0.000000
0.820000,1.003000,0.194000,-0.008000,19.069000,7.099000,11.679000,0.000000
0.829000,0.992000,0.145000,-0.013000,20.718000,8.504000,6.565000,0.000000
0.837000,0.960000,0.099000,-0.045000,23.252000,6.962000,7.924000,0.000000
0.845000,0.963000,0.049000,-0.050000,26.534000,3.924000,15.206000,0.000000
0.861000,0.974000,0.019000,-0.064000,32.198000,1.527000,24.702000,0.000000
0.873000,0.993000,0.033000,-0.050000,38.504000,-0.321000,31.282000,0.000000
0.885000,1.008000,0.137000,-0.009000,41.954000,-0.992000,33.649000,0.000000
0.893000,1.007000,0.189000,-0.009000,38.672000,-0.534000,28.244000,0.000000
0.909000,1.012000,0.200000,-0.014000,36.351000,1.099000,19.130000,0.000000
0.918000,1.006000,0.175000,-0.040000,36.290000,2.763000,10.458000,0.000000
0.931000,1.015000,0.108000,-0.065000,39.008000,2.977000,8.641000,0.000000
0.934000,1.001000,0.064000,-0.076000,44.153000,1.237000,15.267000,0.000000
0.951000,1.000000,0.074000,-0.075000,47.695000,-2.290000,27.466000,0.000000
0.958000,1.013000,0.123000,-0.045000,49.176000,-5.435000,36.046000,0.000000
0.967000,1.022000,0.207000,-0.008000,47.573000,-4.809000,36.763000,0.000000
0.975000,1.009000,0.291000,0.015000,42.580000,-4.275000,30.198000,0.000000
0.991000,0.967000,0.316000,0.018000,34.473000,-4.092000,20.290000,0.000000
0.999000,0.985000,0.293000,0.017000,28.473000,-3.511000,7.893000,0.000000
1.009000,0.959000,0.209000,-0.000000,30.473000,-2.901000,-1.466000,0.000000
1.018000,1.054000,0.173000,-0.074000,36.702000,-4.992000,-6.260000,0.000000
1.029000,0.963000,0.058000,-0.032000,41.053000,-7.099000,5.176000,0.000000
1.035000,1.009000,0.068000,-0.070000,46.427000,-9.618000,17.725000,0.000000
1.051000,1.037000,0.099000,-0.088000,52.031000,-10.382000,30.824000,0.000000
1.058000,1.044000,0.191000,-0.081000,54.534000,-10.885000,38.290000,0.000000
1.069000,1.045000,0.332000,-0.045000,50.992000,-10.641000,39.664000,0.000000
1.081000,1.041000,0.408000,-0.001000,42.092000,-10.397000,33.160000,0.000000
1.090000,1.016000,0.436000,0.007000,32.168000,-8.962000,19.008000,0.000000
