DeltaTime_s,AccelX,AccelY,AccelZ,GyroX,GyroY,GyroZ,Temp
0.000000,0.219,0.291,-0.955,3.145,-8.351,0.122,29.57
0.007080,0.203,0.290,-0.967,5.679,-1.237,-2.916,29.71
0.019720,0.194,0.304,-0.962,7.130,4.947,-2.992,29.52
0.027468,0.168,0.306,-0.984,6.656,5.298,-2.947,29.75
0.039377,0.159,0.313,-0.976,6.779,7.191,-6.076,29.71
0.047040,0.160,0.301,-0.978,7.710,5.802,-6.076,29.66
0.059976,0.157,0.305,-0.962,8.702,2.687,-7.771,29.61
0.067622,0.155,0.296,-0.969,9.267,1.298,-8.931,29.66
0.079397,0.148,0.286,-0.955,9.740,0.061,-10.718,29.71
0.086835,0.142,0.295,-0.956,9.053,0.061,-13.206,29.66
0.099193,0.173,0.284,-0.943,6.229,0.550,-16.977,29.61
0.107227,0.234,0.282,-0.926,4.260,0.733,-17.542,29.71
0.119190,0.260,0.287,-0.945,2.183,0.198,-15.435,29.71
0.126414,0.207,0.309,-0.979,-1.985,-6.153,-14.107,29.61
0.138775,0.164,0.313,-0.993,-2.794,-9.695,-16.748,29.66
0.150874,0.185,0.302,-1.025,-1.954,-18.595,-22.000,29.71
0.157951,0.214,0.299,-1.015,2.611,-22.168,-21.679,29.66
0.170556,0.209,0.292,-1.015,5.725,-24.611,-20.489,29.61
0.177884,0.208,0.285,-1.021,8.733,-22.534,-19.893,29.66
0.189903,0.212,0.281,-1.008,14.260,-18.489,-17.573,29.61
0.197662,0.210,0.278,-0.990,21.115,-16.794,-14.702,29.66
0.209175,0.187,0.268,-0.952,27.450,-17.710,-11.298,29.66
0.216345,0.147,0.252,-0.923,33.176,-19.756,-8.092,29.71
0.228919,0.120,0.237,-0.905,37.573,-17.481,-7.542,29.66
0.241076,0.084,0.217,-0.904,39.557,-8.473,-6.366,29.61
0.249102,0.041,0.191,-0.911,43.282,-3.038,-8.962,29.75
0.260574,-0.001,0.193,-0.879,42.550,-1.191,-14.275,29.71
0.267764,-0.010,0.195,-0.814,41.679,-1.237,-20.748,29.66
0.280301,0.038,0.191,-0.781,40.137,-1.603,-24.351,29.71
0.287252,0.106,0.201,-0.747,39.511,0.733,-24.885,29.66
0.299916,0.230,0.204,-0.776,34.046,14.580,-26.672,29.57
0.306846,0.353,0.194,-0.862,26.748,30.779,-17.221,29.71
0.319159,0.380,0.191,-1.001,19.008,42.168,-0.321,29.66
0.327128,0.275,0.226,-1.125,14.031,48.214,9.969,29.61
0.338941,0.156,0.244,-1.203,19.634,43.649,12.000,29.66
0.347192,0.074,0.275,-1.159,43.359,14.733,8.275,29.71
0.358696,0.084,0.271,-1.038,63.252,-14.168,4.534,29.57
0.370987,0.097,0.241,-0.911,75.847,-35.023,2.489,29.61
0.378431,0.117,0.203,-0.832,74.809,-35.893,3.420,29.66
0.390789,0.105,0.176,-0.783,66.626,-20.305,4.733,29.61
0.398196,0.091,0.155,-0.774,58.931,-0.290,5.954,29.75
0.410692,0.083,0.135,-0.770,51.130,16.382,7.527,29.61
0.418003,0.101,0.126,-0.776,47.053,24.794,7.252,29.61
0.430726,0.118,0.122,-0.771,43.557,25.634,6.870,29.66
0.437999,0.129,0.122,-0.764,39.878,18.992,7.008,29.71
0.450369,0.122,0.111,-0.789,35.771,12.733,7.206,29.57
0.457944,0.122,0.115,-0.804,32.916,10.122,7.817,29.61
0.470542,0.118,0.098,-0.831,33.450,5.588,6.748,29.66
0.478275,0.139,0.076,-0.814,34.672,6.046,5.053,29.71
0.490424,0.180,0.067,-0.797,37.099,10.061,4.931,29.66
0.497746,0.202,0.062,-0.794,39.649,16.718,7.664,29.52
0.510001,0.181,0.074,-0.789,41.420,26.916,10.305,29.71
0.517920,0.154,0.086,-0.806,38.794,32.702,11.573,29.66
0.529966,0.137,0.086,-0.804,36.229,31.420,10.550,29.61
0.537123,0.122,0.084,-0.785,33.969,24.794,9.679,29.66
0.549432,0.134,0.076,-0.787,30.718,16.427,7.771,29.71
0.557129,0.140,0.054,-0.787,29.802,9.893,6.916,29.66
0.569674,0.194,0.047,-0.814,32.351,7.053,8.550,29.61
0.577145,0.201,0.024,-0.852,34.092,7.939,9.603,29.66
0.589420,0.235,0.020,-0.898,37.878,11.588,12.046,29.61
0.596706,0.228,0.024,-0.910,43.771,14.611,13.954,29.66
0.608932,0.210,0.029,-0.912,46.351,11.710,12.015,29.66
0.616525,0.222,0.022,-0.879,49.466,2.519,18.382,29.71
0.628788,0.190,0.023,-0.856,49.649,-6.962,15.679,29.61
0.641032,0.198,0.019,-0.828,50.198,-9.374,16.397,29.71
0.648451,0.202,0.017,-0.803,50.351,-9.725,15.802,29.66
0.660809,0.225,0.014,-0.810,46.748,-5.893,17.099,29.61
0.668231,0.190,0.017,-0.830,43.481,-1.756,18.534,29.66
0.680615,0.168,0.004,-0.860,43.725,1.130,12.229,29.71
0.688707,0.197,0.003,-0.840,42.458,-5.954,14.901,29.66
0.700096,0.191,-0.034,-0.851,44.947,-15.939,14.412,29.71
0.707607,0.252,-0.079,-0.859,52.870,-11.863,10.275,29.61
0.719628,0.301,-0.058,-0.787,57.802,-9.328,15.328,29.57
0.726961,0.353,-0.086,-0.822,58.504,-4.718,21.802,29.71
0.739294,0.383,-0.090,-0.851,55.603,7.389,32.153,29.66
0.746391,0.375,-0.101,-0.928,55.710,15.145,45.893,29.71
0.758785,0.279,-0.074,-1.022,54.229,14.153,50.443,29.66
0.771152,0.177,-0.065,-1.093,53.969,-2.183,47.924,29.61
0.778540,0.103,-0.064,-1.088,59.450,-31.908,41.420,29.66
0.790538,0.085,-0.090,-1.033,62.779,-64.672,33.405,29.52
0.797878,0.093,-0.102,-0.922,69.557,-89.237,27.038,29.66
0.809842,0.098,-0.117,-0.810,74.137,-105.573,26.153,29.66
0.817248,0.115,-0.156,-0.746,72.305,-113.908,25.924,29.61
0.829052,0.114,-0.201,-0.694,68.305,-102.672,26.076,29.66
0.841137,0.099,-0.209,-0.676,61.191,-73.145,27.542,29.61
0.848591,0.075,-0.224,-0.696,47.313,-36.275,30.000,29.75
0.860466,0.026,-0.216,-0.719,41.405,-15.023,29.511,29.61
0.867590,-0.025,-0.198,-0.756,35.252,-0.977,29.313,29.66
0.879901,-0.048,-0.190,-0.788,31.374,0.840,25.130,29.61
0.887195,-0.025,-0.198,-0.851,30.962,-4.885,21.618,29.75
0.899172,-0.001,-0.206,-0.910,32.718,-7.847,21.771,29.61
0.906631,0.030,-0.232,-0.979,37.023,-8.366,22.046,29.61
0.919075,0.070,-0.219,-0.991,44.122,-6.870,20.794,29.61
0.931048,0.115,-0.228,-0.943,55.695,-9.160,18.275,29.61
0.938224,0.121,-0.220,-0.884,63.634,-8.565,24.000,29.66
0.950586,0.105,-0.229,-0.830,65.573,-14.489,27.802,29.61
0.957841,0.099,-0.235,-0.779,67.252,-19.603,30.137,29.75
0.969923,0.082,-0.261,-0.746,69.985,-22.382,33.008,29.71
0.977152,0.015,-0.275,-0.689,73.374,-22.947,32.672,29.57
0.989266,-0.037,-0.289,-0.616,71.878,-34.092,35.084,29.61
0.996683,-0.109,-0.304,-0.535,71.649,-44.824,32.748,29.66
1.008766,-0.148,-0.325,-0.463,71.817,-50.183,28.824,29.66
