DeltaTime_s,AccelX,AccelY,AccelZ,GyroX,GyroY,GyroZ,Temp
0.000000,0.199,0.178,-1.279,-19.328,35.756,-15.725,29.89
0.007700,0.197,0.173,-1.350,-19.542,37.511,-20.092,29.75
0.019827,0.291,0.156,-1.387,-17.985,37.160,-22.092,29.89
0.026493,0.334,0.168,-1.401,-10.824,22.550,-18.382,29.85
0.039160,0.334,0.160,-1.437,-4.061,8.229,-17.466,29.89
0.051007,0.289,0.201,-1.427,-1.496,-6.458,-17.802,29.89
0.058755,0.247,0.213,-1.389,-0.901,-26.489,-16.656,29.85
0.070818,0.186,0.227,-1.344,1.634,-42.550,-14.244,29.89
0.078029,0.128,0.245,-1.322,7.496,-56.901,-16.397,29.85
0.090634,0.119,0.223,-1.260,17.176,-54.656,-17.863,29.80
0.097288,0.137,0.226,-1.208,31.832,-48.443,-18.519,29.94
0.109840,0.147,0.239,-1.221,28.092,-19.634,-14.840,29.80
0.117104,0.138,0.227,-1.218,17.695,14.290,-7.313,29.75
0.129388,0.063,0.247,-1.285,17.053,33.634,0.947,29.85
0.136679,0.019,0.284,-1.343,28.519,34.931,2.473,29.89
0.149249,-0.021,0.278,-1.361,44.458,23.496,-7.939,29.85
0.156904,0.024,0.283,-1.269,60.870,9.756,-9.878,29.89
0.168999,0.029,0.282,-1.152,69.542,-0.443,-7.008,29.94
0.181143,0.029,0.267,-1.053,74.244,-3.160,-5.802,29.89
0.188566,0.021,0.256,-0.977,74.504,-4.076,-4.763,29.75
0.200916,0.016,0.243,-0.946,66.962,5.771,-2.992,29.89
0.207899,-0.007,0.219,-0.953,64.779,12.901,-4.137,29.85
0.220520,0.006,0.216,-0.934,62.550,17.023,-5.221,29.80
0.227891,0.031,0.173,-0.900,58.702,20.137,-7.695,29.80
0.240227,0.072,0.170,-0.879,54.901,16.092,-0.046,29.85
0.247853,0.043,0.167,-0.912,52.656,18.427,2.931,29.80
0.259766,0.014,0.165,-0.980,51.588,24.733,2.107,29.85
0.267187,0.001,0.160,-1.060,53.756,24.855,2.947,29.89
0.279805,-0.003,0.142,-1.107,59.389,19.206,-0.183,29.85
0.286694,0.015,0.122,-1.074,66.412,10.718,-3.924,29.89
0.299393,0.032,0.104,-1.005,75.893,-2.641,-5.496,29.94
0.306493,0.046,0.079,-0.904,81.405,-9.542,-5.969,29.89
0.319178,0.083,0.053,-0.801,83.069,-12.595,-6.000,29.89
0.324873,0.120,0.026,-0.730,79.511,-6.076,-2.962,29.89
0.339035,0.134,-0.006,-0.712,75.298,3.511,0.137,29.89
0.351013,0.142,-0.020,-0.707,72.351,12.489,6.489,29.85
0.358128,0.137,-0.046,-0.733,71.084,17.649,9.725,29.80
0.370700,0.103,-0.058,-0.753,71.679,20.595,10.565,29.85
0.377763,0.098,-0.074,-0.797,72.504,21.771,12.412,29.80
0.390117,0.080,-0.087,-0.852,74.275,21.847,14.840,29.75
0.397740,0.053,-0.089,-0.877,77.954,24.092,16.092,29.80
0.409564,0.012,-0.068,-0.915,82.947,28.153,14.611,29.85
0.416794,0.011,-0.047,-0.940,87.038,26.748,11.756,29.75
0.429397,0.040,-0.033,-0.914,91.359,21.771,8.794,29.80
0.436497,0.067,-0.058,-0.907,92.916,14.168,10.458,29.85
0.449203,0.045,-0.051,-0.853,90.397,0.824,12.748,29.80
0.460939,0.032,-0.068,-0.794,89.847,-9.038,15.038,29.85
0.468559,0.021,-0.096,-0.734,87.802,-13.115,14.550,29.89
0.480665,0.038,-0.130,-0.669,83.084,-15.099,13.710,29.75
0.488518,0.090,-0.183,-0.626,79.023,-12.183,14.366,29.80
0.499995,0.133,-0.226,-0.576,73.832,-3.130,17.618,29.75
0.507203,0.175,-0.282,-0.527,68.168,9.389,20.656,29.71
0.519894,0.189,-0.321,-0.506,61.298,23.863,26.092,29.75
0.526741,0.201,-0.325,-0.465,52.061,38.046,30.611,29.85
0.539577,0.175,-0.330,-0.462,39.023,48.366,33.069,29.89
0.546284,0.178,-0.312,-0.478,27.008,53.588,34.626,29.80
0.558717,0.142,-0.318,-0.572,18.198,58.153,28.931,29.80
0.570850,0.143,-0.255,-0.620,14.305,50.534,30.092,29.85
0.578254,0.142,-0.288,-0.728,10.168,34.382,24.046,29.80
0.590656,0.185,-0.287,-0.724,10.504,8.031,23.252,29.85
0.598207,0.173,-0.280,-0.722,18.931,-11.588,24.916,29.80
0.610097,0.175,-0.312,-0.723,22.137,-27.481,22.336,29.85
0.617176,0.245,-0.287,-0.645,27.664,-40.870,31.908,29.80
0.629428,0.268,-0.312,-0.610,31.756,-39.634,35.328,29.85
0.636380,0.296,-0.292,-0.586,35.832,-21.985,43.130,29.75
0.649235,0.250,-0.248,-0.623,36.687,-3.618,49.756,29.80
0.661030,0.196,-0.220,-0.763,36.687,9.435,53.481,29.85
0.668724,0.119,-0.182,-0.938,34.183,12.000,52.305,29.80
0.680486,0.080,-0.171,-1.058,32.595,1.969,47.863,29.85
0.688299,0.049,-0.165,-1.140,44.534,-18.183,38.931,29.89
0.700139,0.074,-0.152,-1.103,66.595,-57.847,38.931,29.85
0.707224,0.043,-0.169,-1.001,82.305,-90.672,32.382,29.80
0.719836,0.025,-0.194,-0.835,93.756,-112.092,28.611,29.71
0.726276,0.030,-0.228,-0.711,99.282,-115.847,25.924,29.75
0.739148,0.024,-0.244,-0.633,92.000,-94.351,25.863,29.71
0.750859,-0.001,-0.277,-0.637,70.458,-49.817,28.321,29.85
0.757678,-0.060,-0.287,-0.663,69.710,-14.794,29.405,29.80
0.770241,-0.138,-0.270,-0.731,70.519,5.618,27.176,29.85
0.777280,-0.167,-0.314,-0.805,69.420,5.206,26.641,29.80
0.789592,-0.225,-0.373,-0.859,73.466,5.221,20.412,29.85
0.797112,-0.227,-0.338,-0.749,77.954,0.336,13.145,29.85
0.809150,-0.145,-0.357,-0.686,72.947,-14.183,15.802,29.80
0.820968,-0.108,-0.391,-0.664,65.466,-19.145,14.473,29.75
0.828224,-0.091,-0.391,-0.629,62.244,-15.359,16.260,29.80
0.840621,-0.139,-0.411,-0.624,58.885,-15.405,13.588,29.85
0.847456,-0.152,-0.417,-0.569,55.954,-31.924,11.649,29.80
0.859643,-0.100,-0.470,-0.509,50.076,-49.725,8.244,29.75
0.866973,-0.018,-0.487,-0.426,48.779,-53.985,8.565,29.80
0.879076,0.012,-0.503,-0.347,44.809,-47.771,17.252,29.80
0.890982,-0.071,-0.492,-0.302,37.985,-30.916,20.107,29.85
0.898172,-0.127,-0.453,-0.301,31.771,-13.374,23.679,29.80
0.910585,-0.196,-0.480,-0.371,29.802,2.000,20.504,29.85
0.917704,-0.169,-0.435,-0.363,26.229,3.130,17.069,29.80
0.930009,-0.186,-0.443,-0.471,25.527,11.344,16.779,29.85
0.937679,-0.189,-0.384,-0.509,31.496,14.137,11.969,29.80
0.949369,-0.184,-0.368,-0.551,35.573,1.939,13.389,29.85
0.956580,-0.194,-0.354,-0.507,32.779,-23.145,18.366,29.85
0.968979,-0.225,-0.388,-0.443,28.290,-39.313,13.252,29.80
0.980813,-0.177,-0.434,-0.378,23.969,-50.351,7.145,29.80
0.988462,-0.066,-0.526,-0.298,26.229,-47.160,8.611,29.80
1.000284,-0.018,-0.556,-0.253,24.977,-24.931,12.015,29.75
