DeltaTime_s,AccelX,AccelY,AccelZ,GyroX,GyroY,GyroZ,Temp
0.000000,0.146,0.260,-1.034,-0.214,-5.206,-3.069,29.75
0.011431,0.100,0.276,-1.057,-4.733,-9.603,-8.992,29.71
0.019079,0.086,0.276,-1.023,-8.427,-16.565,-14.427,29.66
0.030553,0.068,0.269,-1.011,-10.397,-24.015,-18.427,29.71
0.037565,0.057,0.267,-0.951,-14.076,-29.267,-22.947,29.66
0.049982,0.082,0.260,-0.906,-17.954,-28.519,-26.901,29.75
0.057541,0.070,0.253,-0.845,-23.435,-25.802,-27.634,29.71
0.068983,0.032,0.276,-0.815,-32.885,-19.893,-28.137,29.71
0.081097,0.018,0.291,-0.831,-47.893,-13.099,-32.947,29.71
0.088300,0.061,0.310,-0.934,-53.267,8.763,-32.565,29.75
0.100563,0.053,0.333,-1.036,-60.641,19.893,-35.069,29.80
0.108257,0.033,0.367,-1.151,-64.718,21.939,-38.214,29.75
0.119942,0.013,0.393,-1.213,-57.328,13.939,-44.168,29.71
0.127248,0.079,0.429,-1.195,-42.183,-10.366,-49.344,29.66
0.139199,0.167,0.414,-1.185,-18.458,-38.046,-48.672,29.71
0.151473,0.231,0.376,-1.155,5.115,-45.847,-39.435,29.71
0.159172,0.239,0.362,-1.097,24.489,-41.359,-26.244,29.66
0.170668,0.197,0.332,-1.039,33.878,-23.298,-12.748,29.80
0.178014,0.157,0.345,-0.967,40.840,5.176,-1.924,29.75
0.190870,0.094,0.364,-0.920,41.053,30.443,7.282,29.71
0.198278,0.011,0.372,-0.904,40.443,44.473,15.649,29.75
0.210339,-0.051,0.386,-0.909,40.779,51.130,17.191,29.71
0.217854,-0.146,0.404,-0.939,44.947,48.992,13.374,29.66
0.230054,-0.164,0.409,-0.951,45.908,38.015,0.580,29.71
0.237239,-0.143,0.424,-0.921,44.046,16.534,-8.763,29.71
0.249578,-0.112,0.397,-0.900,41.130,-1.939,-17.802,29.66
0.261391,-0.062,0.368,-0.877,38.214,-14.489,-25.878,29.71
0.268508,0.012,0.320,-0.862,38.427,-23.893,-28.641,29.75
0.280809,0.073,0.283,-0.834,40.702,-27.298,-29.481,29.71
0.287795,0.150,0.243,-0.788,42.672,-21.328,-25.145,29.66
0.300450,0.184,0.230,-0.786,44.229,-9.466,-16.473,29.71
0.307797,0.162,0.234,-0.818,44.611,3.511,-7.298,29.75
0.320046,0.122,0.228,-0.851,45.557,16.870,-0.641,29.71
0.328196,0.081,0.247,-0.876,50.809,24.626,3.756,29.75
0.340029,0.070,0.262,-0.871,55.908,29.115,5.649,29.66
0.347652,0.060,0.260,-0.888,58.031,27.298,5.893,29.61
0.360327,0.064,0.243,-0.887,59.008,23.496,7.542,29.71
0.367098,0.037,0.226,-0.884,59.832,19.267,7.802,29.71
0.379738,0.014,0.210,-0.866,61.740,13.191,6.275,29.57
0.386867,0.005,0.206,-0.825,65.023,7.511,4.000,29.71
0.399747,0.029,0.186,-0.814,64.351,1.679,0.336,29.66
0.407371,0.066,0.149,-0.787,61.878,-3.298,-0.534,29.71
0.419417,0.110,0.135,-0.756,59.725,-1.191,0.595,29.66
0.426608,0.132,0.115,-0.762,56.565,6.076,3.557,29.80
0.439567,0.108,0.112,-0.776,54.565,13.481,7.038,29.66
0.447167,0.048,0.134,-0.790,52.122,16.656,8.031,29.61
0.459323,-0.011,0.139,-0.810,45.573,9.725,5.832,29.71
0.471294,-0.024,0.135,-0.810,43.191,1.954,0.687,29.66
0.478822,0.018,0.099,-0.821,44.137,-4.198,-0.305,29.80
0.491221,0.028,0.089,-0.802,46.489,-8.947,-3.527,29.66
0.499017,0.052,0.079,-0.778,50.214,-7.527,-9.084,29.61
0.510991,0.084,0.090,-0.760,50.351,0.290,-4.672,29.66
0.518278,0.071,0.086,-0.821,45.695,13.420,-3.359,29.71
0.530994,0.085,0.082,-0.858,39.802,23.084,-0.763,29.66
0.538048,0.125,0.060,-0.916,40.489,27.985,0.015,29.71
0.550400,0.146,0.057,-0.949,44.840,28.779,1.878,29.66
0.558313,0.171,0.043,-0.953,48.244,22.061,7.374,29.75
0.570205,0.160,0.055,-0.931,49.771,10.412,11.496,29.71
0.577600,0.125,0.073,-0.890,48.595,2.595,15.374,29.71
0.589984,0.063,0.083,-0.860,47.206,-7.099,16.687,29.71
0.597586,0.019,0.091,-0.802,45.389,-14.565,14.855,29.66
0.609768,0.010,0.090,-0.779,40.962,-15.206,10.748,29.71
0.617605,0.022,0.084,-0.775,35.924,-10.382,7.542,29.75
0.629529,0.036,0.092,-0.801,32.809,-4.626,5.511,29.71
0.636634,0.015,0.070,-0.850,31.954,2.092,-1.115,29.66
0.649375,0.079,0.090,-0.915,27.634,8.214,-0.260,29.71
0.657329,0.111,0.032,-1.077,28.916,5.908,0.870,29.71
0.669357,0.181,-0.005,-1.119,31.664,-0.046,3.802,29.75
0.681195,0.191,-0.034,-1.078,45.145,-21.496,8.641,29.61
0.688625,0.191,-0.039,-0.979,65.756,-49.511,14.061,29.66
0.701897,0.151,-0.029,-0.854,79.313,-62.061,18.611,29.61
0.709583,0.116,-0.039,-0.795,83.649,-62.412,22.397,29.66
0.719941,0.057,-0.046,-0.735,78.168,-53.008,26.183,29.61
0.727150,-0.007,-0.064,-0.715,64.718,-36.595,24.107,29.66
0.739607,-0.041,-0.086,-0.708,54.947,-30.061,21.695,29.71
0.751470,-0.065,-0.120,-0.691,49.969,-31.679,18.137,29.61
0.758412,-0.049,-0.138,-0.656,48.260,-32.870,15.466,29.66
0.770400,-0.062,-0.136,-0.656,50.046,-31.603,15.206,29.61
0.778121,-0.073,-0.130,-0.627,47.756,-29.023,13.695,29.75
0.790082,-0.086,-0.116,-0.655,40.229,-13.893,13.634,29.71
0.796853,-0.101,-0.145,-0.728,33.756,-0.229,11.893,29.66
0.809593,-0.064,-0.169,-0.769,33.038,1.511,7.130,29.71
0.817419,-0.011,-0.180,-0.786,34.351,2.031,5.160,29.75
0.829335,0.035,-0.193,-0.791,37.084,2.107,5.893,29.80
0.841385,0.052,-0.212,-0.790,38.534,-0.046,8.382,29.66
0.848836,0.036,-0.221,-0.772,40.687,4.244,7.252,29.71
0.861169,0.031,-0.193,-0.733,44.137,8.672,7.786,29.61
0.868855,0.004,-0.211,-0.740,46.458,13.679,7.527,29.52
0.881018,-0.015,-0.227,-0.734,49.863,19.374,1.191,29.71
0.888055,-0.014,-0.245,-0.739,52.336,16.763,2.916,29.66
0.900372,-0.078,-0.275,-0.794,67.908,14.962,-1.160,29.71
0.908128,-0.110,-0.229,-0.719,70.656,-0.443,-6.046,29.66
0.919494,-0.118,-0.226,-0.705,59.847,-14.046,-8.336,29.61
0.927733,-0.085,-0.238,-0.668,56.855,-29.053,-9.344,29.66
0.939350,-0.054,-0.274,-0.604,51.481,-44.626,-10.779,29.71
0.951130,0.042,-0.312,-0.530,48.794,-51.176,-5.084,29.66
0.958576,0.123,-0.354,-0.512,47.466,-47.023,1.374,29.75
0.970429,0.165,-0.397,-0.527,42.840,-32.870,12.580,29.71
0.978268,0.156,-0.411,-0.624,46.336,-7.740,25.527,29.75
0.990418,0.084,-0.373,-0.706,54.687,11.374,35.588,29.71
0.997738,-0.039,-0.333,-0.741,60.061,6.656,40.076,29.66
1.009548,-0.119,-0.285,-0.755,63.115,-7.802,35.969,29.71
