DeltaTime_s,AccelX,AccelY,AccelZ,GyroX,GyroY,GyroZ,Temp
0.000000,0.008,0.312,-0.849,-8.870,7.053,0.107,32.15
0.007172,0.013,0.310,-0.861,-8.122,4.183,-0.366,32.20
0.019410,0.018,0.319,-0.867,-6.321,0.733,0.198,32.11
0.027176,0.021,0.324,-0.874,-4.611,-0.107,0.214,32.06
0.039021,0.019,0.318,-0.842,-2.901,-0.427,0.214,32.11
0.046968,0.016,0.324,-0.803,-2.031,1.863,0.412,32.15
0.059056,-0.005,0.324,-0.801,-2.260,2.992,-0.641,32.15
0.066806,0.008,0.313,-0.802,-2.855,3.542,-1.634,32.11
0.078980,0.010,0.308,-0.801,-3.679,3.557,-2.473,32.15
0.086142,0.019,0.303,-0.786,-4.550,3.176,-2.748,32.11
0.098495,0.044,0.292,-0.789,-5.695,2.412,-0.931,32.20
0.105924,0.044,0.298,-0.769,-6.702,4.443,-0.412,32.25
0.118266,0.049,0.304,-0.769,-8.229,6.809,-0.504,32.20
0.130594,0.049,0.303,-0.803,-10.122,7.542,-0.885,32.01
0.138068,0.054,0.293,-0.851,-10.626,7.008,-0.733,32.11
0.150380,0.071,0.294,-0.902,-9.267,7.832,-1.481,32.11
0.157767,0.068,0.298,-0.883,-8.366,5.115,-1.313,32.06
0.170398,0.066,0.296,-0.889,-7.634,0.947,0.443,32.15
0.177879,0.065,0.298,-0.874,-6.534,-3.740,1.435,32.11
0.190146,0.035,0.305,-0.857,-5.267,-4.107,2.076,32.06
0.197889,0.043,0.315,-0.841,-5.252,-2.061,1.710,32.11
0.210133,0.047,0.317,-0.859,-6.229,-1.725,2.931,32.15
0.217650,0.031,0.322,-0.875,-5.038,-0.046,3.740,32.15
0.230052,0.005,0.333,-0.865,-2.870,1.511,3.084,32.11
0.237718,0.003,0.331,-0.847,-1.603,1.176,2.397,32.15
0.250335,0.012,0.329,-0.827,-1.695,-1.450,2.321,32.11
0.257275,0.008,0.325,-0.780,-2.641,-1.939,1.893,32.11
0.269969,0.018,0.326,-0.776,-6.443,4.260,1.939,32.15
0.277465,0.007,0.319,-0.812,-11.344,11.756,2.947,32.01
0.289621,0.007,0.298,-0.875,-15.435,15.008,0.855,32.11
0.297304,0.026,0.291,-0.916,-19.802,18.305,0.534,32.15
0.309423,0.047,0.285,-0.971,-24.702,23.511,-0.076,32.11
0.317447,0.085,0.293,-1.019,-31.130,28.885,-0.763,32.15
0.329118,0.115,0.315,-1.109,-40.824,42.702,0.382,32.11
0.335896,0.137,0.341,-1.293,-50.504,58.366,-1.038,32.20
0.348562,0.219,0.363,-1.526,-57.374,71.954,-1.389,32.15
0.360632,0.334,0.384,-1.771,-64.015,85.374,2.244,32.11
0.368122,0.422,0.381,-2.032,-59.695,93.832,9.298,32.11
0.380254,0.412,0.411,-2.291,-47.298,95.038,20.366,32.15
0.388031,0.443,0.506,-2.451,-38.061,94.519,26.214,32.11
0.399917,0.519,0.541,-2.766,-19.267,83.038,25.924,32.11
0.407772,0.504,0.603,-2.904,4.168,53.008,34.748,32.15
0.419423,0.509,0.651,-2.976,30.092,25.557,35.069,32.20
0.427357,0.500,0.756,-2.898,77.725,-28.382,33.878,32.15
0.439318,0.489,0.805,-2.817,117.221,-88.015,31.435,32.25
0.446848,0.483,0.912,-2.545,146.137,-120.733,29.344,32.11
0.458481,0.504,0.981,-2.254,169.160,-143.710,27.481,32.06
0.470379,0.531,1.007,-2.010,197.786,-165.069,38.931,32.11
0.477742,0.311,1.010,-1.732,218.290,-188.076,41.802,32.01
0.489648,0.108,1.058,-1.488,237.603,-162.519,30.427,32.06
0.497149,0.082,1.003,-1.300,257.847,-128.809,9.313,32.11
0.509377,0.033,0.991,-0.923,260.733,-104.076,9.176,32.06
0.516529,-0.055,1.046,-0.638,252.137,-93.893,21.145,32.11
0.528094,-0.213,1.006,-0.380,245.969,-116.336,16.687,32.01
0.540142,-0.301,0.956,-0.125,228.916,-144.718,-1.573,32.06
0.547119,-0.234,0.870,0.138,208.260,-157.481,-17.237,32.15
0.559213,-0.159,0.680,0.347,176.427,-171.206,-20.702,32.01
0.566820,-0.073,0.569,0.422,146.076,-167.191,-12.947,32.15
0.578801,-0.065,0.417,0.524,118.641,-162.977,-5.344,32.11
0.590370,-0.000,0.230,0.564,102.595,-145.450,-0.916,32.15
0.598009,0.096,0.083,0.588,101.023,-113.115,10.641,32.15
0.610152,0.025,0.007,0.719,103.817,-93.282,16.977,32.11
0.617006,-0.041,-0.018,0.811,108.779,-71.496,25.038,32.06
0.629337,-0.118,-0.000,0.871,106.031,-30.779,29.069,32.15
0.636380,-0.224,0.033,0.732,78.076,3.176,32.260,32.11
0.649015,-0.353,0.032,0.476,45.893,39.115,24.214,32.06
0.656849,-0.393,-0.023,0.307,24.580,52.504,13.099,32.11
0.668714,-0.344,-0.084,0.135,12.046,53.756,-3.664,32.11
0.680764,-0.162,-0.164,0.008,8.977,52.061,-17.908,32.06
0.688394,0.045,-0.203,-0.053,11.206,43.893,-17.573,32.11
0.700386,0.175,-0.232,-0.121,11.084,40.809,-2.427,32.06
0.707890,0.184,-0.260,-0.247,9.298,50.794,11.450,32.01
0.719667,0.093,-0.284,-0.392,11.298,66.595,18.489,32.11
0.727381,-0.002,-0.300,-0.489,14.824,66.779,18.870,31.97
0.739322,-0.103,-0.300,-0.527,14.198,61.344,14.748,32.11
0.746951,-0.169,-0.309,-0.557,12.977,41.786,9.481,32.01
0.758745,-0.203,-0.329,-0.553,9.496,13.328,3.038,32.06
0.765929,-0.167,-0.362,-0.485,8.168,-15.695,-2.733,32.01
0.778621,-0.076,-0.377,-0.362,4.977,-27.969,-4.168,32.15
0.790378,0.044,-0.383,-0.304,2.809,-24.214,-2.107,32.06
0.797984,0.104,-0.396,-0.296,2.290,-11.069,7.588,32.01
0.810111,0.065,-0.376,-0.317,-3.939,16.275,18.916,32.15
0.817451,-0.043,-0.341,-0.394,-13.527,44.427,22.046,32.11
0.829396,-0.080,-0.340,-0.493,-21.969,57.573,20.763,32.11
0.836148,-0.113,-0.341,-0.605,-27.389,58.565,20.977,32.15
0.848577,-0.169,-0.338,-0.672,-23.542,45.832,18.962,32.11
0.860366,-0.184,-0.314,-0.775,-20.885,32.168,15.435,32.06
0.867551,-0.194,-0.297,-0.818,-19.145,21.328,9.664,32.15
0.880226,-0.175,-0.279,-0.835,-17.618,12.565,5.420,32.11
0.887517,-0.138,-0.266,-0.850,-17.466,8.458,5.420,31.97
0.899679,-0.127,-0.255,-0.863,-12.550,8.382,7.099,32.11
0.907198,-0.149,-0.252,-0.809,-11.069,11.115,5.435,32.11
0.918722,-0.158,-0.247,-0.837,-9.740,23.298,1.298,32.15
0.926570,-0.135,-0.263,-0.844,-8.733,26.550,-0.824,32.11
0.938645,-0.141,-0.260,-0.824,-9.832,27.191,1.374,32.06
0.950546,-0.162,-0.268,-0.830,-11.603,24.458,-0.656,32.06
0.958067,-0.125,-0.257,-0.844,-12.229,20.061,-2.656,32.01
0.969679,-0.092,-0.245,-0.865,-13.359,11.298,1.267,31.97
0.977368,-0.143,-0.231,-0.884,-13.420,2.733,2.931,32.11
0.989250,-0.172,-0.231,-0.877,-13.908,-2.580,1.023,32.20
0.996159,-0.162,-0.233,-0.878,-11.939,-3.130,-2.763,32.06
1.008301,-0.110,-0.247,-0.887,-10.916,-0.977,-5.069,32.11
