DeltaTime_s,AccelX,AccelY,AccelZ,GyroX,GyroY,GyroZ,Temp
0.000000,1.047000,0.089000,0.044000,-3.221000,1.389000,9.130000,0.000000
0.020000,1.107000,0.371000,-0.400000,145.634000,10.031000,78.718000,0.000000
0.040000,1.025000,-0.065000,0.072000,-11.237000,3.252000,-8.382000,0.000000
0.064000,1.039000,-0.052000,0.051000,6.458000,2.382000,0.763000,0.000000
0.084000,1.062000,-0.026000,0.058000,4.198000,2.733000,-2.824000,0.000000
0.103000,1.040000,-0.050000,0.057000,2.870000,0.794000,-4.076000,0.000000
0.123000,1.023000,-0.062000,0.065000,3.649000,1.710000,-3.252000,0.000000
0.143000,1.049000,-0.048000,0.082000,5.573000,2.748000,0.031000,0.000000
0.162000,1.025000,0.002000,0.052000,3.405000,3.939000,-2.809000,0.000000
0.182000,0.999000,-0.010000,0.055000,-0.412000,2.015000,-2.122000,0.000000
0.201000,1.011000,-0.034000,0.073000,-2.076000,1.802000,-0.901000,0.000000
0.221000,1.018000,-0.050000,0.077000,-1.618000,0.672000,0.702000,0.000000
0.240000,1.020000,-0.039000,0.053000,0.168000,1.282000,-3.099000,0.000000
0.260000,1.018000,-0.043000,0.070000,-0.458000,0.443000,0.092000,0.000000
0.280000,1.031000,-0.020000,0.062000,0.244000,-0.321000,1.145000,0.000000
0.300000,1.069000,0.009000,0.064000,-3.664000,1.374000,2.626000,0.000000
0.320000,1.063000,-0.020000,0.065000,-4.885000,1.634000,1.160000,0.000000
0.352000,1.045000,-0.058000,0.070000,-5.527000,1.542000,2.000000,0.000000
0.364000,1.062000,-0.069000,0.061000,-4.809000,2.565000,2.290000,0.000000
0.384000,1.055000,-0.051000,0.053000,-4.275000,2.366000,1.313000,0.000000
0.404000,1.052000,-0.072000,0.061000,-4.260000,2.382000,3.802000,0.000000
0.423000,1.047000,-0.067000,0.056000,-2.214000,2.076000,2.916000,0.000000
0.443000,1.094000,-0.055000,0.067000,-3.634000,3.725000,2.885000,0.000000
0.463000,1.042000,-0.064000,0.059000,-3.084000,3.618000,0.137000,0.000000
0.482000,1.054000,-0.071000,0.052000,-4.870000,3.863000,5.420000,0.000000
0.502000,1.071000,-0.094000,0.057000,-4.534000,5.130000,7.618000,0.000000
0.522000,1.072000,-0.120000,0.071000,-1.924000,5.756000,1.771000,0.000000
0.542000,1.041000,-0.108000,0.060000,-0.137000,6.382000,-0.748000,0.000000
0.561000,1.018000,-0.094000,0.042000,4.550000,5.328000,-2.443000,0.000000
0.581000,1.029000,-0.026000,0.063000,5.435000,3.466000,1.618000,0.000000
0.601000,1.077000,0.039000,0.079000,3.221000,3.710000,0.641000,0.000000
0.621000,1.053000,0.045000,0.074000,-1.588000,5.435000,2.153000,0.000000
0.641000,1.048000,0.022000,0.080000,-4.046000,5.802000,4.092000,0.000000
0.661000,1.041000,0.001000,0.098000,-4.443000,5.954000,6.061000,0.000000
0.681000,1.054000,0.050000,0.116000,-4.824000,7.099000,4.183000,0.000000
0.700000,1.044000,0.069000,0.126000,-3.557000,6.733000,2.092000,0.000000
0.732000,1.084000,0.274000,0.129000,-6.046000,8.107000,-1.603000,0.000000
0.744000,1.101000,0.339000,0.115000,-12.489000,8.977000,1.695000,0.000000
0.764000,1.153000,0.370000,0.148000,-22.122000,11.588000,0.183000,0.000000
0.783000,1.122000,0.416000,0.141000,-29.939000,12.626000,-7.771000,0.000000
0.803000,1.091000,0.429000,0.167000,-38.305000,14.305000,-5.863000,0.000000
0.822000,1.229000,0.550000,0.075000,-44.779000,29.435000,3.099000,0.000000
0.842000,1.036000,0.530000,0.156000,-58.275000,15.740000,-9.771000,0.000000
0.861000,1.016000,0.538000,0.161000,-69.069000,17.695000,-7.313000,0.000000
0.880000,0.948000,0.497000,0.120000,-78.580000,16.198000,-20.229000,0.000000
0.912000,1.058000,0.351000,0.102000,-82.611000,1.298000,-31.008000,0.000000
0.924000,1.100000,0.396000,0.103000,-84.443000,0.015000,-29.023000,0.000000
0.943000,1.126000,0.419000,0.029000,-85.298000,8.687000,-15.985000,0.000000
0.963000,0.907000,0.331000,0.035000,-92.214000,7.084000,-0.137000,0.000000
0.982000,1.050000,0.364000,-0.027000,-103.069000,-0.290000,1.130000,0.000000
1.001000,1.104000,0.283000,-0.023000,-109.099000,1.908000,-2.748000,0.000000
1.032000,1.062000,0.198000,-0.126000,-110.031000,7.008000,-31.313000,0.000000
1.044000,0.989000,0.153000,-0.179000,-113.664000,6.031000,-26.870000,0.000000
1.063000,1.004000,0.055000,-0.177000,-117.069000,1.527000,-22.290000,0.000000
1.082000,1.106000,-0.036000,-0.150000,-113.450000,5.237000,-29.099000,0.000000
1.101000,1.088000,-0.166000,-0.132000,-103.450000,13.176000,-39.115000,0.000000
1.132000,0.974000,-0.258000,-0.130000,-87.252000,21.176000,-55.313000,0.000000
1.144000,0.997000,-0.273000,-0.153000,-88.473000,23.618000,-53.725000,0.000000
1.162000,1.120000,-0.405000,-0.091000,-80.168000,32.260000,-92.763000,0.000000
1.181000,0.766000,-0.559000,-0.013000,-54.366000,27.725000,-118.183000,0.000000
1.200000,0.769000,-0.511000,-0.007000,-47.237000,26.626000,-64.550000,0.000000
1.224000,1.005000,-0.495000,-0.009000,-26.382000,22.595000,-63.115000,0.000000
1.243000,0.869000,-0.324000,-0.019000,-23.008000,4.901000,-27.954000,0.000000
1.262000,0.864000,-0.248000,-0.004000,-15.863000,-10.718000,-16.611000,0.000000
1.281000,0.964000,-0.242000,0.040000,-23.145000,-17.099000,20.534000,0.000000
1.300000,1.163000,-0.257000,0.106000,-10.641000,-18.214000,25.405000,0.000000
1.331000,1.138000,-0.110000,0.074000,5.679000,-13.511000,10.290000,0.000000
1.344000,1.055000,-0.137000,0.048000,5.282000,-17.435000,12.168000,0.000000
1.363000,1.114000,-0.085000,0.064000,12.122000,-23.069000,9.725000,0.000000
1.383000,1.227000,0.012000,0.082000,13.588000,-21.099000,12.702000,0.000000
1.402000,1.271000,-0.003000,0.107000,16.137000,-10.305000,13.573000,0.000000
1.422000,1.178000,0.070000,0.099000,15.939000,-2.336000,13.878000,0.000000
1.441000,1.162000,0.085000,0.122000,10.489000,2.336000,12.931000,0.000000
1.461000,1.114000,0.023000,0.109000,7.603000,3.344000,11.344000,0.000000
1.481000,1.065000,-0.038000,0.141000,13.252000,4.824000,11.939000,0.000000
1.501000,1.039000,0.032000,0.153000,21.115000,1.099000,7.389000,0.000000
1.520000,1.042000,0.054000,0.156000,20.595000,3.695000,15.573000,0.000000
1.552000,1.080000,0.135000,0.129000,19.725000,5.328000,14.718000,0.000000
1.572000,1.051000,0.223000,0.110000,20.565000,6.748000,13.115000,0.000000
1.584000,1.040000,0.284000,0.112000,18.641000,7.115000,12.870000,0.000000
1.604000,0.992000,0.337000,0.094000,8.794000,3.130000,4.153000,0.000000
1.624000,0.990000,0.210000,0.095000,-1.405000,0.198000,8.824000,0.000000
1.645000,1.027000,0.214000,0.123000,-1.847000,-1.725000,7.145000,0.000000
1.664000,1.054000,0.207000,0.148000,-2.916000,-0.321000,4.061000,0.000000
1.683000,1.045000,0.246000,0.115000,-4.168000,0.809000,-1.328000,0.000000
1.703000,1.006000,0.227000,0.115000,-10.809000,2.550000,6.000000,0.000000
1.723000,0.997000,0.186000,0.133000,-10.580000,-1.389000,1.038000,0.000000
1.742000,1.032000,0.168000,0.142000,-16.061000,0.168000,7.710000,0.000000
1.762000,1.034000,0.125000,0.166000,-8.534000,-3.191000,-4.214000,0.000000
1.781000,1.054000,0.135000,0.137000,-14.427000,0.061000,4.580000,0.000000
1.801000,1.017000,0.040000,0.152000,-10.458000,-1.435000,2.458000,0.000000
1.820000,1.049000,0.052000,0.167000,-7.420000,-0.122000,5.527000,0.000000
1.840000,1.045000,0.076000,0.151000,-3.985000,1.634000,2.977000,0.000000
1.860000,1.026000,0.107000,0.139000,-3.084000,1.496000,2.168000,0.000000
1.880000,0.999000,0.104000,0.132000,-3.985000,2.733000,6.137000,0.000000
1.900000,0.997000,0.106000,0.129000,-4.366000,1.038000,7.435000,0.000000
1.920000,0.987000,0.089000,0.132000,-2.656000,3.481000,7.496000,0.000000
1.952000,0.911000,0.125000,0.118000,-1.420000,-2.183000,5.099000,0.000000
1.964000,0.957000,0.127000,0.136000,-1.099000,-5.481000,1.695000,0.000000
1.984000,1.057000,0.106000,0.154000,0.244000,-5.756000,-5.344000,0.000000
