DeltaTime_s,AccelX,AccelY,AccelZ,GyroX,GyroY,GyroZ,Temp
0.000000,0.143,0.173,-0.903,-5.008,-3.664,-1.542,30.04
0.011608,0.134,0.168,-0.905,-4.122,-2.443,-1.588,30.18
0.019480,0.107,0.163,-0.932,-2.458,-0.015,-5.053,30.08
0.031482,0.113,0.170,-0.905,-5.160,-0.046,-3.084,30.04
0.039148,0.127,0.165,-0.888,-7.542,-1.786,-1.786,30.08
0.050781,0.128,0.164,-0.886,-11.252,-3.786,-1.527,30.13
0.058765,0.113,0.159,-0.858,-12.489,-5.023,-1.817,30.18
0.070338,0.103,0.158,-0.829,-11.328,-9.176,-1.450,30.13
0.078219,0.088,0.164,-0.784,-14.092,-12.656,-2.779,30.08
0.090180,0.086,0.156,-0.722,-23.985,-11.176,-4.366,30.13
0.097120,0.080,0.168,-0.641,-34.916,-8.733,-6.000,30.08
0.109623,0.076,0.166,-0.582,-46.290,-11.710,-7.573,30.08
0.121579,0.009,0.270,-0.665,-61.023,-9.084,-3.725,30.08
0.129147,-0.083,0.265,-0.951,-73.924,3.878,-6.840,30.08
0.141226,-0.080,0.297,-1.126,-76.885,9.023,-19.023,30.13
0.148173,-0.026,0.310,-1.154,-70.504,-13.328,-26.366,30.08
0.160334,0.049,0.303,-1.118,-56.702,-52.916,-32.183,30.04
0.167992,0.206,0.274,-1.058,-43.069,-80.992,-31.802,29.99
0.179390,0.347,0.214,-1.000,-17.924,-85.237,-19.557,30.04
0.192132,0.389,0.196,-0.991,8.672,-52.550,2.947,29.99
0.199541,0.251,0.207,-0.989,17.099,-4.855,16.458,30.08
0.211601,0.122,0.257,-0.975,2.962,43.038,22.840,30.13
0.219130,0.005,0.258,-0.960,-10.183,61.344,16.412,30.08
0.231086,0.012,0.254,-0.917,-25.267,61.176,8.870,30.13
0.239120,0.034,0.263,-0.913,-32.229,42.336,6.031,30.18
0.251084,0.039,0.250,-1.098,-33.863,20.611,1.603,30.04
0.258890,0.060,0.230,-1.269,-36.244,12.275,-9.954,30.08
0.270684,0.118,0.249,-1.392,-35.374,7.679,-17.710,30.13
0.278068,0.152,0.259,-1.466,-32.794,-3.511,-21.511,30.13
0.290083,0.205,0.283,-1.522,-27.130,-19.405,-25.878,30.08
0.301819,0.253,0.277,-1.477,-17.420,-40.489,-27.282,30.13
0.309516,0.337,0.271,-1.434,1.237,-51.832,-21.328,29.99
0.321383,0.324,0.276,-1.401,24.931,-51.191,-8.107,30.04
0.329169,0.257,0.294,-1.374,43.573,-32.779,4.779,30.18
0.341243,0.134,0.317,-1.332,50.885,-6.473,15.237,30.13
0.349069,0.006,0.342,-1.266,56.794,19.893,20.763,30.08
0.360747,-0.077,0.367,-1.168,61.206,31.603,21.282,30.08
0.367788,-0.141,0.364,-1.071,62.366,29.603,16.947,30.13
0.380140,-0.151,0.345,-0.984,63.298,20.290,8.000,30.08
0.387720,-0.144,0.334,-0.962,61.282,13.893,3.084,30.04
0.399916,-0.117,0.286,-1.068,56.122,16.229,-3.969,29.99
0.407941,-0.054,0.231,-1.132,50.672,17.603,-11.939,30.04
0.420152,0.011,0.192,-1.134,51.145,11.313,-14.779,29.99
0.431517,0.015,0.166,-1.123,54.290,-0.122,-16.382,30.13
0.439186,0.026,0.151,-1.081,55.237,-24.489,-19.893,30.04
0.451023,0.051,0.146,-0.992,57.053,-47.252,-22.687,30.08
0.458438,0.095,0.126,-0.905,66.046,-64.305,-21.221,30.04
0.470633,0.114,0.090,-0.858,44.351,-36.977,-16.275,30.08
0.478190,0.132,0.118,-0.831,41.099,-19.435,-11.130,30.13
0.489853,0.119,0.123,-0.828,36.229,0.794,-2.351,30.08
0.498287,0.042,0.124,-0.810,32.504,17.206,4.046,29.94
0.510082,-0.038,0.171,-0.844,30.412,28.229,12.504,30.08
0.521699,-0.177,0.211,-0.980,34.366,39.863,13.649,30.08
0.529461,-0.245,0.243,-1.099,43.038,35.740,2.473,30.13
0.541628,-0.195,0.247,-1.129,53.176,22.550,-7.038,30.08
0.548711,-0.096,0.226,-1.081,60.061,7.969,-11.679,30.04
0.560984,-0.015,0.208,-0.991,62.336,-1.939,-14.183,30.08
0.568242,0.027,0.179,-0.930,60.870,-6.366,-10.733,30.04
0.580447,0.031,0.151,-0.888,58.962,-11.084,-8.168,30.08
0.588819,0.038,0.134,-0.862,60.366,-11.069,-9.176,30.04
0.599859,0.057,0.108,-0.826,60.702,-6.947,-10.183,30.08
0.607940,0.072,0.093,-0.812,59.908,-2.031,-8.519,30.08
0.620022,0.090,0.073,-0.791,57.557,-0.992,-5.908,30.08
0.627710,0.073,0.060,-0.768,53.725,-4.458,-1.405,30.08
0.639795,0.020,0.035,-0.793,52.366,-9.481,-0.153,30.13
0.651524,-0.016,0.030,-0.783,51.084,-19.924,-3.847,30.08
0.659157,0.013,-0.028,-0.774,52.183,-33.221,-5.374,30.04
0.670978,0.044,-0.039,-0.712,54.595,-40.824,-10.336,30.08
0.677998,0.128,-0.070,-0.647,52.916,-33.573,-11.863,30.04
0.690364,0.208,-0.091,-0.646,53.908,-14.183,-3.160,29.99
0.697582,0.217,-0.082,-0.667,52.336,4.733,7.435,30.18
0.709885,0.163,-0.054,-0.732,49.908,15.908,18.198,30.04
0.717062,0.101,-0.029,-0.782,49.695,18.702,21.634,30.08
0.729591,0.039,-0.010,-0.838,53.023,17.435,20.809,30.04
0.741501,0.008,-0.005,-0.904,56.595,11.878,18.656,30.08
0.748933,0.005,-0.016,-0.919,62.198,1.511,15.542,30.13
0.761347,0.000,-0.016,-0.881,66.107,-11.863,13.863,29.99
0.768754,-0.025,-0.028,-0.833,66.519,-30.626,11.206,30.04
0.780345,-0.005,-0.057,-0.741,66.137,-52.473,6.092,30.04
0.788725,0.044,-0.099,-0.611,64.779,-74.427,5.435,30.08
0.799886,0.056,-0.148,-0.455,63.023,-87.221,8.595,30.04
0.807727,0.068,-0.157,-0.293,57.420,-85.466,12.885,29.99
0.819588,0.069,-0.159,-0.210,50.397,-57.847,15.176,30.04
0.831534,0.065,-0.120,-0.284,44.366,-18.779,22.168,30.08
0.839180,-0.032,-0.086,-0.561,44.137,24.000,23.008,30.04
0.850884,-0.126,-0.052,-0.786,47.405,40.443,23.847,30.18
0.858250,-0.210,0.035,-0.991,52.870,30.229,20.565,30.04
0.870835,-0.256,0.034,-1.113,49.099,4.168,13.786,30.04
0.878370,-0.224,0.041,-1.066,64.153,-49.542,5.649,30.08
0.890158,-0.096,-0.011,-0.942,82.321,-98.443,0.458,30.04
0.897079,-0.020,-0.036,-0.795,105.053,-133.115,3.771,29.99
0.909561,-0.014,-0.069,-0.706,73.359,-93.069,9.969,30.04
0.921406,-0.058,-0.096,-0.672,67.420,-68.504,18.687,30.08
0.928515,-0.140,-0.109,-0.673,65.649,-48.809,21.740,30.13
0.940799,-0.184,-0.119,-0.662,66.183,-35.221,16.992,29.99
0.948269,-0.216,-0.139,-0.679,65.985,-16.916,10.824,30.04
0.960073,-0.197,-0.177,-0.730,62.870,-13.481,8.443,30.04
0.967121,-0.187,-0.213,-0.729,59.924,-14.641,8.565,30.08
0.979199,-0.203,-0.235,-0.727,56.275,-14.244,10.107,30.08
0.991578,-0.225,-0.256,-0.710,53.481,-19.053,9.603,30.08
0.998496,-0.226,-0.291,-0.665,50.885,-25.053,8.168,30.04
1.010794,-0.201,-0.334,-0.588,49.420,-24.321,5.954,30.08
