DeltaTime_s,AccelX,AccelY,AccelZ,GyroX,GyroY,GyroZ,Temp
0.000000,0.386,0.225,-2.110,-31.985,-55.908,-26.718,30.04
0.011884,0.385,0.271,-2.148,-5.145,-71.542,-27.160,30.08
0.019284,0.390,0.274,-2.068,30.702,-91.573,-20.656,30.04
0.031162,0.376,0.209,-2.105,43.160,-75.435,-8.427,30.04
0.038444,0.339,0.278,-2.000,55.710,-47.573,5.725,30.18
0.051089,0.271,0.322,-1.978,71.191,-11.786,17.893,30.08
0.058107,0.169,0.352,-2.024,90.046,11.878,27.634,30.08
0.070231,0.077,0.386,-2.007,92.687,39.817,31.878,30.22
0.077435,0.010,0.399,-1.993,99.893,58.962,33.038,30.18
0.089714,-0.019,0.436,-1.949,110.076,60.824,31.313,30.04
0.101693,-0.040,0.419,-1.938,126.916,50.656,27.145,30.18
0.108790,-0.071,0.419,-1.895,140.611,34.641,26.763,30.18
0.120881,-0.106,0.388,-1.814,149.328,-0.824,22.076,30.08
0.127896,-0.217,0.307,-1.672,156.885,-27.435,12.244,30.08
0.139883,-0.256,0.263,-1.448,162.076,-60.611,2.137,30.04
0.152051,-0.278,0.161,-1.222,175.878,-106.885,-12.229,30.08
0.158765,-0.213,0.042,-0.973,190.611,-146.992,-19.634,30.04
0.170611,-0.181,0.038,-0.586,210.947,-190.824,-34.168,30.08
0.178537,-0.029,-0.071,-0.284,114.519,-98.519,-50.855,30.04
0.189557,0.210,-0.170,-0.105,88.183,-44.321,-37.191,30.08
0.201648,0.323,-0.214,-0.124,73.924,16.947,-17.328,29.99
0.209043,0.321,-0.212,-0.232,65.252,70.504,-4.214,30.13
0.221030,0.307,0.279,-0.426,62.321,104.916,14.458,30.18
0.227967,-0.036,-0.496,-0.557,67.634,111.130,34.122,30.13
0.240394,-0.114,-0.153,-0.586,78.672,69.878,29.450,29.99
0.247759,-0.188,-0.052,-0.564,87.557,14.626,16.443,30.13
0.259438,-0.067,-0.018,-0.391,92.351,-41.344,6.748,30.18
0.271551,0.114,-0.006,-0.192,89.786,-66.046,11.298,30.13
0.278846,0.250,-0.062,-0.184,85.221,-55.969,24.122,30.04
0.290823,0.275,-0.062,-0.277,86.198,-24.809,36.000,30.08
0.297934,0.261,-0.047,-0.424,93.710,10.107,43.969,30.13
0.309833,0.306,-0.034,-0.582,105.008,32.687,48.489,30.08
0.321932,0.295,-0.035,-0.680,113.099,43.282,60.366,30.13
0.329130,0.166,-0.010,-0.746,114.183,30.931,73.374,30.18
0.341417,-0.056,0.020,-0.789,111.176,-9.725,79.786,30.04
0.349016,-0.124,0.018,-0.723,107.115,-66.427,76.412,30.08
0.360604,-0.164,0.041,-0.527,102.733,-116.687,66.550,30.08
0.367990,-0.143,0.047,-0.328,89.878,-140.565,57.786,30.13
0.379722,-0.121,0.049,-0.156,72.763,-144.137,51.832,30.08
0.391581,-0.109,-0.009,-0.110,55.542,-129.405,47.298,30.04
0.398227,-0.107,-0.059,-0.134,45.176,-103.939,38.992,30.18
0.410614,-0.083,-0.184,-0.240,43.695,-82.824,32.534,30.13
0.417308,-0.047,-0.298,-0.319,47.435,-77.527,28.153,30.18
0.429758,-0.036,-0.288,-0.235,49.130,-86.504,23.832,30.13
0.441359,-0.065,-0.278,-0.085,50.229,-94.748,27.527,30.04
0.448458,-0.100,-0.282,0.075,43.679,-98.366,34.366,30.18
0.460833,-0.102,-0.263,0.250,35.557,-79.908,38.305,30.13
0.467919,-0.142,-0.258,0.256,31.359,-26.534,43.710,30.08
0.480201,-0.288,-0.204,0.186,26.855,22.534,45.176,30.04
0.492021,-0.417,-0.163,-0.021,14.031,55.008,34.076,30.18
0.499178,-0.472,-0.210,-0.271,7.832,71.420,13.618,30.13
0.511023,-0.325,-0.227,-0.453,-22.809,96.031,-10.214,30.13
0.517965,-0.109,-0.314,-0.613,-28.122,89.267,-15.710,30.18
0.530379,-0.011,-0.349,-0.705,-12.641,68.168,-6.931,30.13
0.537329,-0.012,-0.376,-0.807,-1.435,45.038,1.420,30.08
0.549662,-0.074,-0.406,-0.899,4.565,32.565,3.435,30.13
0.561827,-0.090,-0.426,-0.912,18.244,29.267,3.634,30.08
0.569731,-0.144,-0.420,-0.879,31.573,18.565,1.725,30.04
0.581320,-0.211,-0.406,-0.790,40.947,0.107,-2.244,29.99
0.588319,-0.241,-0.390,-0.646,41.374,-21.893,-9.634,30.18
0.600407,-0.227,-0.366,-0.538,33.847,-38.504,-16.000,30.04
0.611962,-0.187,-0.383,-0.450,21.099,-40.229,-16.290,30.08
0.619150,-0.141,-0.416,-0.400,4.290,-30.382,-17.282,30.04
0.631200,-0.063,-0.421,-0.400,-15.313,-2.366,-12.382,30.08
0.637985,-0.063,-0.461,-0.488,-25.649,26.183,-5.313,30.22
0.650382,-0.087,-0.431,-0.583,-40.702,46.595,-2.443,30.08
0.655990,-0.088,-0.493,-0.685,-41.557,53.389,-3.603,30.18
0.669511,-0.069,-0.500,-0.732,-34.794,48.336,-6.000,30.13
0.681520,-0.073,-0.498,-0.778,-29.435,32.641,-1.328,30.08
0.688254,-0.094,-0.497,-0.820,-30.809,14.550,-1.099,30.13
0.700520,-0.070,-0.499,-0.802,-30.870,3.740,-2.611,30.08
0.707286,-0.039,-0.482,-0.778,-29.038,-0.260,-2.611,30.13
0.719415,-0.023,-0.489,-0.760,-26.229,-0.519,-0.885,30.08
0.731489,-0.023,-0.518,-0.777,-24.656,2.214,1.252,30.08
0.738743,-0.006,-0.518,-0.767,-21.893,4.183,3.053,30.04
0.752149,-0.020,-0.503,-0.735,-18.779,8.840,5.603,30.18
0.758653,-0.046,-0.484,-0.715,-16.672,12.702,7.221,30.13
0.770367,-0.073,-0.454,-0.721,-16.153,19.221,7.145,30.08
0.777785,-0.105,-0.423,-0.720,-17.511,25.359,5.420,30.13
0.789796,-0.119,-0.424,-0.742,-18.504,30.580,4.931,30.08
0.801721,-0.134,-0.411,-0.766,-19.359,32.687,3.847,30.04
0.808704,-0.127,-0.416,-0.800,-24.473,37.847,2.397,30.22
0.820826,-0.166,-0.400,-0.830,-20.061,35.710,1.511,30.08
0.827922,-0.172,-0.391,-0.882,-17.053,33.924,-3.298,30.08
0.839966,-0.143,-0.411,-0.884,-13.542,22.763,-8.412,30.08
0.851732,-0.093,-0.407,-0.873,-6.092,10.366,-10.565,30.13
0.859344,-0.072,-0.422,-0.860,-2.977,9.084,-8.885,30.08
0.871362,-0.074,-0.420,-0.819,-1.847,8.076,-7.466,30.04
0.878456,-0.060,-0.421,-0.787,0.382,8.885,-6.473,30.08
0.890874,-0.063,-0.426,-0.743,2.733,11.130,-5.344,30.08
0.898517,-0.081,-0.410,-0.698,3.389,12.840,-3.939,30.08
0.910503,-0.104,-0.415,-0.690,-0.076,14.931,-2.962,29.99
0.921961,-0.081,-0.417,-0.670,-3.557,15.725,-3.832,30.13
0.929181,-0.086,-0.412,-0.684,-6.351,15.237,-5.466,30.08
0.941401,-0.074,-0.405,-0.674,-10.687,17.893,-3.542,30.04
0.948226,-0.093,-0.392,-0.682,-15.573,15.969,-3.924,30.18
0.960392,-0.088,-0.406,-0.711,-16.412,15.115,-6.565,30.04
0.967310,-0.019,-0.451,-0.730,-17.634,15.985,-6.351,30.08
0.979406,0.019,-0.449,-0.723,-17.573,19.603,-2.550,30.08
0.991625,0.031,-0.454,-0.762,-18.321,24.076,1.282,30.22
0.998696,0.001,-0.430,-0.784,-18.718,26.321,4.580,30.08
1.011037,-0.051,-0.409,-0.818,-18.656,24.580,5.252,30.04
