DeltaTime_s,AccelX,AccelY,AccelZ,GyroX,GyroY,GyroZ,Temp
0.000000,-0.038,-0.178,-0.040,-13.282,-124.977,-10.550,29.38
0.011972,0.085,-0.215,0.289,-13.710,-170.168,-23.771,29.42
0.019775,0.293,-0.329,0.551,1.939,-185.573,-21.527,29.33
0.031182,0.472,-0.301,0.751,-30.931,-88.916,0.962,29.38
0.038763,0.336,-0.276,0.743,-24.076,-5.466,16.183,29.42
0.051047,0.046,-0.116,0.600,-46.321,122.931,27.008,29.38
0.057054,-0.231,0.054,0.382,-70.794,168.092,16.779,29.24
0.069819,-0.450,0.219,0.176,-118.595,181.221,-7.298,29.38
0.082064,-0.514,0.301,-0.031,-88.611,106.870,-28.550,29.42
0.089347,-0.453,0.317,-0.059,-109.924,39.618,-55.328,29.38
0.101004,-0.226,0.327,-0.032,-127.160,4.916,-72.824,29.33
0.108864,-0.021,0.316,-0.056,-137.206,-5.267,-76.443,29.38
0.120611,0.169,0.296,-0.098,-144.412,0.046,-69.588,29.33
0.132362,0.192,0.348,-0.189,-139.176,25.053,-64.885,29.42
0.139997,0.330,0.380,-0.323,-135.985,51.740,-61.374,29.42
0.151875,0.509,0.364,-0.574,-130.672,84.947,-53.160,29.42
0.158668,0.525,0.422,-0.824,-130.397,122.122,-36.901,29.38
0.171029,0.370,0.488,-1.107,-140.702,146.351,-20.107,29.52
0.182548,0.094,0.487,-1.344,-135.176,111.832,-27.618,29.28
0.189988,-0.094,0.534,-1.310,-128.656,50.107,-51.710,29.42
0.201822,0.125,0.567,-1.203,-112.443,-39.542,-57.893,29.47
0.209081,0.170,0.432,-0.974,-107.985,-106.595,-77.023,29.33
0.221037,0.558,0.370,-0.815,-105.374,-122.565,-71.206,29.38
0.226548,0.666,0.263,-1.119,-81.481,-79.282,-52.947,29.33
0.240593,0.614,0.283,-1.284,-91.359,12.687,-29.969,29.42
0.252166,0.420,0.379,-1.408,-95.878,78.855,-14.351,29.38
0.259122,0.165,0.478,-1.513,-103.420,113.145,-14.656,29.33
0.271178,0.108,0.561,-1.563,-109.496,73.084,-31.053,29.38
0.279051,0.137,0.546,-1.509,-117.786,10.947,-46.641,29.33
0.290834,0.304,0.468,-1.505,-89.847,-51.557,-56.733,29.47
0.302654,0.573,0.394,-1.571,-67.649,-60.565,-59.252,29.42
0.310245,0.722,0.417,-1.652,-70.733,-36.672,-42.809,29.38
0.322039,0.679,0.329,-1.800,-77.832,-3.679,-20.672,29.33
0.329734,0.370,0.417,-1.666,-81.542,5.725,-15.786,29.38
0.341414,0.152,0.533,-1.568,-82.321,-19.053,-24.092,29.42
0.348382,0.201,0.537,-1.428,-55.878,-61.924,-17.618,29.42
0.360878,0.046,0.421,-1.303,-47.206,-87.847,-35.466,29.42
0.372750,0.102,0.495,-1.087,-45.405,-87.191,-36.351,29.33
0.380283,0.167,0.481,-1.231,-45.649,-42.275,-46.046,29.38
0.391981,0.271,0.525,-1.719,-67.908,44.977,-43.954,29.33
0.399240,0.309,0.495,-2.116,-85.130,120.305,-59.344,29.38
0.411504,0.654,0.474,-2.368,-90.336,203.435,-57.252,29.33
0.418623,0.935,0.522,-2.135,-38.840,149.679,-49.069,29.38
0.430485,1.022,0.519,-2.002,76.275,18.702,-20.198,29.42
0.438684,0.795,0.430,-1.658,74.779,-47.206,3.863,29.38
0.450394,0.516,0.498,-1.223,75.389,-124.214,14.733,29.42
0.462443,0.260,0.337,-1.007,96.824,-185.969,15.618,29.38
0.469377,0.113,0.226,-0.709,124.992,-234.718,7.634,29.47
0.481622,0.078,0.134,-0.444,101.160,-206.519,-0.656,29.42
0.488828,0.028,0.111,-0.328,78.840,-147.267,-8.183,29.38
0.501055,0.086,0.070,-0.288,35.634,-68.901,-4.580,29.33
0.508424,0.191,0.096,-0.231,-39.466,20.168,0.656,29.38
0.520813,0.265,0.083,-0.356,-97.374,110.824,5.099,29.24
0.532575,0.177,0.218,-0.754,-118.183,165.267,20.962,29.38
0.540202,0.021,0.293,-1.228,-114.840,146.168,13.145,29.33
0.552038,0.057,0.321,-1.468,-89.817,111.298,-4.031,29.38
0.559639,0.150,0.333,-1.414,-44.168,45.466,-12.733,29.24
0.571486,0.208,0.318,-1.229,-3.115,-30.229,-14.885,29.42
0.578674,0.200,0.301,-1.035,11.756,-64.641,-11.710,29.42
0.590798,0.162,0.324,-0.906,19.298,-74.198,-8.046,29.33
0.598358,0.140,0.334,-0.893,24.809,-65.160,-2.366,29.38
0.610770,0.052,0.328,-0.959,11.115,-47.115,0.412,29.42
0.622575,-0.044,0.384,-0.873,0.718,-29.679,-6.840,29.38
0.630699,-0.014,0.366,-0.801,7.221,-23.924,-8.718,29.42
0.642127,0.033,0.345,-0.784,-6.076,-2.107,-10.076,29.38
0.649575,0.082,0.333,-0.801,-20.763,19.695,-8.962,29.42
0.662077,0.096,0.324,-0.835,-8.962,12.916,-6.015,29.28
0.669904,0.071,0.324,-0.839,-4.565,3.710,-5.695,29.38
0.681662,0.060,0.335,-0.798,0.061,-3.725,-7.359,29.42
0.689164,0.070,0.335,-0.759,0.382,-7.618,-6.672,29.38
0.701476,0.062,0.326,-0.731,-7.191,-0.885,-6.244,29.42
0.708934,0.046,0.334,-0.701,-9.634,3.908,-7.740,29.38
0.721386,0.067,0.347,-0.710,-9.511,7.511,-8.290,29.33
0.728651,0.072,0.356,-0.747,-9.191,14.015,-6.809,29.38
0.741099,0.059,0.374,-0.797,-8.733,21.282,-5.527,29.42
0.748483,0.053,0.384,-0.833,-9.298,25.206,-6.336,29.38
0.760839,0.065,0.392,-0.835,-9.634,21.374,-7.405,29.33
0.768084,0.100,0.391,-0.828,-4.519,12.305,-9.618,29.38
0.780414,0.135,0.390,-0.818,-2.107,8.290,-10.656,29.38
0.792724,0.161,0.391,-0.875,-3.038,10.305,-10.305,29.42
0.800235,0.206,0.393,-0.936,-3.298,15.344,-9.359,29.42
0.812491,0.240,0.386,-0.975,-3.466,18.107,-3.756,29.42
0.819935,0.175,0.404,-0.976,-1.710,9.817,-2.687,29.28
0.832358,0.137,0.403,-0.973,2.870,0.275,-5.298,29.33
0.839629,0.165,0.417,-0.926,9.817,-9.649,-8.626,29.28
0.852025,0.168,0.404,-0.902,10.580,-15.664,-3.115,29.33
0.859717,0.125,0.412,-0.893,10.076,-16.962,-4.718,29.38
0.871933,0.143,0.410,-0.907,6.595,-9.298,-5.405,29.33
0.879764,0.162,0.404,-0.947,7.618,-4.885,-4.763,29.28
0.891460,0.161,0.410,-0.985,9.542,1.557,-4.092,29.38
0.899236,0.157,0.424,-1.021,9.145,7.557,-2.198,29.42
0.911474,0.156,0.425,-1.054,11.893,7.939,-0.855,29.28
0.919275,0.138,0.437,-1.044,20.809,5.237,-1.252,29.33
0.931342,0.113,0.452,-1.047,24.809,3.389,-2.305,29.28
0.938696,0.135,0.448,-1.060,25.359,4.855,-4.962,29.42
0.951324,0.152,0.447,-1.066,26.458,8.061,-5.099,29.38
0.959030,0.132,0.441,-1.100,26.366,10.977,-5.115,29.33
0.970808,0.147,0.431,-1.151,25.802,16.061,-8.046,29.38
0.978376,0.172,0.416,-1.186,25.985,15.573,-8.412,29.33
0.990509,0.174,0.405,-1.152,32.977,5.634,-9.008,29.38
0.998059,0.156,0.401,-1.114,38.931,-6.366,-9.435,29.47
1.010078,0.165,0.380,-1.106,38.153,-11.847,-12.107,29.33
