DeltaTime_s,AccelX,AccelY,AccelZ,GyroX,GyroY,GyroZ,Temp
0.000000,0.034,-0.317,-0.682,-15.634,-3.115,0.656,29.42
0.011253,0.056,-0.323,-0.653,-15.313,-11.527,-2.626,29.38
0.018164,0.083,-0.333,-0.592,-19.435,-12.611,-2.427,29.52
0.030250,0.129,-0.323,-0.575,-23.191,-8.947,1.740,29.47
0.042570,0.148,-0.324,-0.570,-27.802,1.847,12.672,29.42
0.050548,0.043,-0.312,-0.642,-28.046,14.962,3.985,29.38
0.061865,0.017,-0.271,-0.671,-26.794,25.176,-1.160,29.33
0.069338,0.017,-0.243,-0.678,-20.580,26.611,-2.855,29.33
0.081410,0.026,-0.186,-0.675,-21.282,21.832,1.603,29.47
0.089255,-0.002,-0.206,-0.676,-26.794,17.145,3.023,29.42
0.101068,0.011,-0.201,-0.671,-28.183,10.092,7.756,29.47
0.108199,-0.012,-0.172,-0.619,-30.275,-0.992,5.817,29.42
0.120346,-0.021,-0.177,-0.647,-17.466,-7.206,4.885,29.47
0.132462,-0.067,-0.136,-0.614,-11.374,-11.954,0.656,29.42
0.139298,-0.111,-0.121,-0.572,-10.977,-19.282,-4.824,29.38
0.151681,-0.110,-0.150,-0.507,-15.481,-32.519,-9.786,29.42
0.159052,-0.113,-0.190,-0.326,-17.115,-53.481,-10.000,29.47
0.170682,-0.072,-0.251,-0.134,-19.924,-71.069,-11.359,29.47
0.182494,-0.048,-0.268,0.004,-10.458,-62.763,-14.397,29.52
0.189618,0.001,-0.252,0.032,-2.901,-28.382,-13.496,29.42
0.201720,-0.030,-0.193,-0.031,-32.000,57.588,-16.046,29.42
0.208650,-0.063,-0.101,-0.171,-33.176,105.405,-24.183,29.47
0.220892,-0.076,-0.007,-0.294,-63.908,150.168,-22.855,29.42
0.232706,-0.113,0.025,-0.462,-76.443,147.267,-30.870,29.38
0.240229,-0.068,-0.040,-0.595,-84.366,116.305,-38.061,29.42
0.251913,0.027,-0.138,-0.622,-67.817,68.870,-45.557,29.38
0.259260,0.167,-0.148,-0.552,-37.191,18.779,-48.718,29.33
0.271128,0.263,-0.187,-0.488,-18.198,-8.962,-43.344,29.47
0.282826,0.237,-0.156,-0.493,-16.550,-5.802,-41.557,29.47
0.290488,0.175,-0.085,-0.498,-44.779,27.160,-36.733,29.42
0.302390,0.131,-0.026,-0.536,-61.237,39.344,-37.664,29.38
0.309502,0.172,-0.030,-0.569,-75.649,44.031,-40.473,29.42
0.321733,0.250,-0.034,-0.644,-80.718,42.061,-43.267,29.47
0.329041,0.306,-0.057,-0.711,-74.779,21.557,-41.389,29.42
0.340794,0.256,-0.037,-0.768,-68.382,1.832,-37.847,29.47
0.352907,0.167,-0.004,-0.820,-65.405,-6.473,-36.198,29.42
0.360434,0.114,0.026,-0.835,-61.450,-12.962,-41.206,29.47
0.372060,0.139,0.077,-0.802,-59.115,-13.802,-46.260,29.42
0.379509,0.219,0.107,-0.823,-52.031,-6.198,-50.519,29.42
0.391692,0.265,-0.014,-0.866,-65.573,6.290,-63.237,29.38
0.398652,0.415,0.032,-0.895,-84.611,22.366,-45.954,29.42
0.410946,0.361,-0.046,-0.970,-105.939,17.802,-23.740,29.38
0.422631,0.219,-0.010,-0.977,-112.855,11.267,-22.809,29.52
0.430142,0.122,0.051,-0.924,-106.351,-8.397,-28.885,29.38
0.442116,0.064,0.126,-0.919,-83.099,-37.435,-35.924,29.42
0.448858,0.057,0.184,-0.871,-71.481,-58.534,-40.672,29.57
0.461945,0.105,0.219,-0.865,-77.053,-60.840,-44.840,29.42
0.469365,0.194,0.178,-0.958,-86.992,-54.916,-47.038,29.38
0.480329,0.250,0.135,-1.015,-96.382,-38.947,-41.985,29.42
0.492378,0.244,0.116,-1.039,-95.878,-22.275,-34.107,29.33
0.499635,0.209,0.107,-1.022,-83.725,-20.519,-25.878,29.38
0.512103,0.138,0.154,-0.966,-65.038,-20.794,-22.397,29.42
0.519279,0.111,0.217,-0.903,-53.344,-11.908,-21.603,29.47
0.531626,0.147,0.266,-0.917,-58.092,11.817,-23.053,29.52
0.538482,0.217,0.305,-0.979,-66.336,35.115,-25.038,29.38
0.550325,0.279,0.358,-1.080,-81.725,55.985,-23.847,29.42
0.562382,0.316,0.358,-1.234,-100.137,62.443,-24.885,29.47
0.569579,0.328,0.317,-1.359,-107.740,44.794,-22.229,29.42
0.581991,0.209,0.276,-1.387,-84.000,-9.206,-21.282,29.38
0.588885,0.141,0.280,-1.235,-47.725,-66.382,-29.008,29.47
0.600984,0.166,0.296,-0.999,-25.695,-94.290,-29.847,29.42
0.608870,0.204,0.310,-0.831,1.954,-109.878,-28.748,29.47
0.620708,0.316,0.347,-0.760,-1.176,-81.618,-23.725,29.42
0.632641,0.378,0.366,-0.878,-40.885,6.321,-16.733,29.47
0.639781,0.347,0.387,-1.116,-62.702,60.687,-9.573,29.42
0.652269,0.260,0.412,-1.323,-81.115,99.160,-7.237,29.47
0.659876,0.202,0.371,-1.497,-94.153,106.015,-8.779,29.42
0.672122,0.154,0.414,-1.541,-49.679,16.534,-7.008,29.47
0.679422,0.086,0.404,-1.301,3.527,-85.099,-19.771,29.42
0.691381,0.009,0.362,-1.115,7.954,-122.244,-26.275,29.38
0.698183,0.162,0.340,-0.908,37.985,-143.969,-31.802,29.42
0.710289,0.278,0.298,-0.793,35.710,-122.580,-21.939,29.33
0.722540,0.281,0.342,-0.847,-9.267,-39.374,-16.473,29.38
0.729609,0.291,0.336,-1.030,-30.458,19.237,-10.687,29.42
0.742216,0.238,0.340,-1.179,-53.954,71.191,-1.450,29.47
0.749105,0.148,0.333,-1.306,-79.023,99.786,0.015,29.42
0.761686,0.086,0.340,-1.308,-69.710,70.366,-5.191,29.47
0.769364,0.065,0.350,-1.210,-8.244,-20.992,-10.794,29.42
0.780994,0.063,0.308,-1.078,9.267,-64.229,-20.275,29.47
0.788533,0.063,0.301,-0.887,11.954,-81.176,-23.282,29.42
0.800594,0.072,0.285,-0.812,9.847,-80.321,-16.901,29.47
0.812867,0.041,0.283,-0.713,-17.573,-39.145,-9.954,29.47
0.820030,0.006,0.266,-0.621,-17.466,-21.130,-16.153,29.42
0.831951,0.035,0.243,-0.603,-26.824,14.641,-16.947,29.38
0.839679,0.079,0.212,-0.600,-46.061,52.809,-17.008,29.42
0.851839,0.168,0.209,-0.671,-63.939,78.305,-16.366,29.47
0.858640,0.215,0.192,-0.792,-68.534,85.130,-13.053,29.42
0.870891,0.233,0.229,-0.842,-65.847,74.779,-10.916,29.47
0.882866,0.213,0.251,-0.938,-66.626,67.115,-4.290,29.42
0.890454,0.162,0.306,-1.075,-67.771,58.076,-0.611,29.57
0.902581,0.076,0.387,-1.107,-60.321,37.282,-7.099,29.42
0.910041,0.121,0.346,-1.038,-41.374,3.359,-12.611,29.42
0.922126,0.150,0.366,-0.870,-34.931,-16.794,-8.489,29.42
0.929175,0.217,0.363,-0.949,-34.244,-10.992,-14.092,29.42
0.941786,0.252,0.379,-0.943,-28.855,5.328,-3.450,29.38
0.948696,0.181,0.420,-1.006,-26.290,20.412,3.344,29.42
0.961483,0.180,0.429,-1.079,-24.962,23.130,-3.359,29.47
0.968878,0.128,0.477,-1.117,-17.679,15.817,-0.824,29.42
0.980552,0.072,0.464,-1.118,3.466,-19.313,-7.679,29.47
0.992947,0.044,0.442,-1.071,9.099,-37.939,-9.710,29.42
1.000087,0.070,0.420,-0.934,18.031,-51.298,-14.015,29.33
