DeltaTime_s,AccelX,AccelY,AccelZ,GyroX,GyroY,GyroZ,Temp
0.000000,1.016000,0.077000,-0.208000,-0.595000,0.641000,1.542000,0.000000
0.019000,1.654000,0.191000,-0.339000,-50.290000,-11.237000,32.214000,0.000000
0.039000,0.463000,-0.147000,0.187000,32.702000,46.580000,70.611000,0.000000
0.064000,1.013000,-0.374000,0.384000,6.260000,0.626000,-0.107000,0.000000
0.084000,0.917000,-0.373000,0.375000,4.031000,2.092000,-1.557000,0.000000
0.104000,0.887000,-0.370000,0.376000,0.992000,-3.405000,1.695000,0.000000
0.123000,0.938000,-0.397000,0.368000,-2.046000,-7.038000,2.672000,0.000000
0.143000,0.955000,-0.405000,0.341000,-2.702000,-4.366000,-0.473000,0.000000
0.162000,0.938000,-0.427000,0.323000,-4.183000,-2.305000,2.519000,0.000000
0.182000,0.954000,-0.493000,0.341000,0.397000,-0.229000,2.061000,0.000000
0.202000,0.902000,-0.413000,0.313000,2.458000,-0.061000,1.008000,0.000000
0.221000,0.887000,-0.391000,0.324000,-0.198000,-0.092000,1.221000,0.000000
0.241000,0.885000,-0.394000,0.332000,-1.664000,0.443000,1.893000,0.000000
0.266000,0.890000,-0.421000,0.302000,-2.260000,6.733000,0.305000,0.000000
0.286000,0.789000,-0.416000,0.339000,1.053000,1.740000,-4.427000,0.000000
0.306000,0.711000,-0.369000,0.307000,0.244000,-1.588000,-7.802000,0.000000
0.325000,0.688000,-0.387000,0.324000,-3.145000,-5.588000,-8.137000,0.000000
0.344000,0.669000,-0.358000,0.307000,-4.015000,-8.122000,-12.519000,0.000000
0.363000,0.644000,-0.362000,0.292000,-5.771000,-9.847000,-14.641000,0.000000
0.382000,0.607000,-0.359000,0.311000,-6.000000,-9.099000,-23.725000,0.000000
0.401000,0.551000,-0.409000,0.292000,-9.527000,-13.160000,-26.275000,0.000000
0.425000,0.498000,-0.458000,0.282000,-4.641000,-20.214000,-35.069000,0.000000
0.445000,0.518000,-0.395000,0.268000,1.557000,-26.321000,-35.023000,0.000000
0.464000,0.583000,-0.244000,0.284000,4.321000,-25.924000,-39.710000,0.000000
0.483000,0.542000,-0.180000,0.250000,-3.679000,-28.794000,-50.076000,0.000000
0.502000,0.543000,-0.233000,0.265000,-7.374000,-31.863000,-56.992000,0.000000
0.526000,0.535000,-0.227000,0.226000,-7.130000,-33.878000,-60.046000,0.000000
0.545000,0.498000,-0.259000,0.190000,-4.947000,-40.366000,-64.870000,0.000000
0.564000,0.546000,-0.275000,0.159000,-1.954000,-50.595000,-61.939000,0.000000
0.584000,0.543000,-0.213000,0.110000,5.924000,-62.473000,-64.458000,0.000000
0.602000,0.548000,-0.121000,0.049000,11.252000,-72.611000,-64.641000,0.000000
0.622000,0.455000,-0.116000,-0.055000,13.954000,-92.656000,-54.977000,0.000000
0.645000,0.712000,-0.082000,-0.133000,8.107000,-112.382000,-39.206000,0.000000
0.664000,0.930000,-0.159000,-0.122000,13.176000,-111.802000,-48.748000,0.000000
0.683000,0.991000,-0.077000,-0.250000,26.244000,-108.214000,-58.565000,0.000000
0.702000,1.183000,0.120000,-0.243000,22.458000,-102.290000,-41.618000,0.000000
0.726000,1.277000,0.151000,-0.284000,18.015000,-97.466000,-48.779000,0.000000
0.745000,1.336000,0.240000,-0.230000,14.840000,-93.206000,-61.053000,0.000000
0.764000,1.368000,0.245000,-0.253000,11.008000,-91.664000,-62.565000,0.000000
0.785000,1.599000,0.122000,-0.375000,4.031000,-79.695000,-47.053000,0.000000
0.802000,1.507000,0.202000,-0.197000,-1.817000,-65.252000,-51.405000,0.000000
0.821000,1.381000,0.255000,-0.163000,-5.817000,-56.443000,-50.550000,0.000000
0.845000,1.538000,-0.038000,-0.329000,1.847000,-41.145000,-39.542000,0.000000
0.865000,1.399000,0.064000,-0.289000,-1.893000,-52.565000,-28.244000,0.000000
0.884000,1.568000,0.132000,-0.245000,-8.427000,-41.954000,-21.053000,0.000000
0.902000,1.660000,0.107000,-0.227000,-10.595000,-19.969000,-30.611000,0.000000
0.921000,1.476000,-0.077000,-0.221000,-6.198000,-10.061000,-42.489000,0.000000
0.945000,1.368000,-0.019000,-0.261000,-0.947000,-8.794000,-30.092000,0.000000
0.965000,1.329000,0.054000,-0.307000,0.641000,-8.672000,-15.008000,0.000000
0.984000,1.295000,0.155000,-0.310000,-6.916000,-13.557000,-9.802000,0.000000
1.003000,1.298000,0.093000,-0.323000,-10.947000,-19.053000,-9.817000,0.000000
1.021000,1.275000,-0.008000,-0.287000,-6.718000,-14.412000,-3.267000,0.000000
1.046000,1.298000,0.064000,-0.293000,-5.053000,-9.206000,-1.527000,0.000000
1.065000,1.229000,0.046000,-0.290000,-3.832000,-2.992000,-5.191000,0.000000
1.085000,1.166000,0.037000,-0.303000,-2.183000,0.397000,-3.435000,0.000000
1.104000,1.148000,0.057000,-0.286000,-1.496000,1.710000,1.115000,0.000000
1.124000,1.082000,0.061000,-0.276000,0.809000,2.550000,3.405000,0.000000
1.144000,1.046000,0.102000,-0.266000,-0.214000,1.908000,7.130000,0.000000
1.163000,1.028000,0.090000,-0.280000,-1.191000,3.435000,13.145000,0.000000
1.183000,1.023000,0.013000,-0.252000,3.313000,10.321000,19.832000,0.000000
1.202000,1.011000,0.004000,-0.235000,9.618000,10.183000,15.206000,0.000000
1.222000,1.046000,0.140000,-0.251000,10.718000,20.336000,21.237000,0.000000
1.241000,0.979000,0.204000,-0.251000,3.939000,14.244000,8.534000,0.000000
1.261000,0.966000,0.189000,-0.245000,-6.107000,7.634000,3.084000,0.000000
1.286000,0.954000,0.064000,-0.232000,-9.496000,7.053000,4.412000,0.000000
1.306000,0.961000,0.062000,-0.220000,-6.122000,3.969000,3.252000,0.000000
1.325000,0.996000,0.107000,-0.257000,-8.244000,8.687000,3.008000,0.000000
1.345000,0.937000,0.061000,-0.274000,-8.443000,7.420000,-2.763000,0.000000
1.364000,0.907000,0.016000,-0.237000,-6.763000,7.588000,2.366000,0.000000
1.384000,0.918000,-0.003000,-0.255000,-0.137000,1.267000,2.244000,0.000000
1.404000,0.954000,0.046000,-0.240000,2.473000,1.573000,3.130000,0.000000
1.424000,0.956000,0.143000,-0.280000,-0.153000,-0.290000,-1.618000,0.000000
1.443000,0.958000,0.092000,-0.237000,-4.275000,0.565000,1.603000,0.000000
1.463000,0.990000,0.059000,-0.238000,-3.908000,-0.046000,0.260000,0.000000
1.482000,0.987000,0.037000,-0.208000,-1.832000,2.137000,0.840000,0.000000
1.502000,0.979000,0.074000,-0.251000,-0.397000,4.168000,-2.824000,0.000000
1.522000,0.962000,0.049000,-0.233000,-0.137000,5.344000,1.618000,0.000000
1.542000,0.934000,0.088000,-0.279000,-0.947000,1.145000,2.687000,0.000000
1.566000,0.970000,0.054000,-0.237000,-2.550000,-1.954000,7.191000,0.000000
1.585000,0.962000,0.034000,-0.234000,0.092000,-3.038000,8.076000,0.000000
1.605000,0.978000,0.078000,-0.246000,1.191000,-3.832000,5.160000,0.000000
1.624000,0.964000,0.095000,-0.225000,-0.260000,-1.924000,5.573000,0.000000
1.644000,1.007000,0.103000,-0.244000,-3.313000,-2.748000,2.763000,0.000000
1.664000,1.012000,0.050000,-0.207000,-2.260000,2.137000,1.969000,0.000000
1.683000,1.011000,0.079000,-0.227000,-1.038000,5.893000,-1.802000,0.000000
1.703000,0.977000,0.074000,-0.235000,-1.924000,7.740000,-0.336000,0.000000
1.723000,0.960000,0.062000,-0.228000,-3.221000,6.641000,1.191000,0.000000
1.742000,0.953000,0.091000,-0.241000,-2.183000,4.275000,-6.031000,0.000000
1.761000,0.896000,0.175000,-0.267000,-5.710000,-2.580000,-22.824000,0.000000
1.786000,0.884000,0.072000,-0.278000,-11.756000,-7.740000,-14.397000,0.000000
1.804000,0.983000,0.043000,-0.251000,-11.679000,-10.992000,-5.588000,0.000000
1.824000,1.063000,0.042000,-0.215000,-8.275000,-7.008000,-0.214000,0.000000
1.843000,1.055000,0.042000,-0.212000,-2.244000,-0.305000,-0.519000,0.000000
1.863000,1.029000,0.079000,-0.226000,0.397000,4.183000,-0.107000,0.000000
1.882000,0.994000,0.083000,-0.256000,0.000000,7.405000,-1.435000,0.000000
1.902000,0.952000,0.131000,-0.259000,0.031000,4.626000,-3.038000,0.000000
1.922000,0.964000,0.080000,-0.261000,-3.466000,4.305000,1.252000,0.000000
1.941000,0.966000,0.070000,-0.237000,-0.046000,1.863000,-0.107000,0.000000
1.961000,0.968000,0.084000,-0.259000,0.305000,1.328000,2.183000,0.000000
1.986000,0.953000,0.137000,-0.266000,-0.107000,-1.282000,-1.817000,0.000000
