DeltaTime_s,AccelX,AccelY,AccelZ,GyroX,GyroY,GyroZ,Temp
0.000000,0.850000,0.037000,0.234000,-6.519000,-15.328000,-12.427000,0.000000
0.007000,0.841000,-0.001000,0.250000,-6.672000,-15.603000,-10.840000,0.000000
0.023000,0.841000,-0.037000,0.264000,-4.656000,-14.611000,-7.038000,0.000000
0.039000,0.876000,0.008000,0.232000,0.046000,-13.725000,-0.504000,0.000000
0.056000,0.882000,0.054000,0.201000,-0.351000,-13.374000,-2.275000,0.000000
0.075000,0.874000,0.117000,0.148000,-5.252000,-13.344000,-10.061000,0.000000
0.082000,0.834000,0.131000,0.144000,-10.000000,-14.840000,-15.252000,0.000000
0.094000,0.823000,0.104000,0.152000,-15.832000,-17.176000,-20.275000,0.000000
0.105000,0.802000,0.033000,0.178000,-20.519000,-20.565000,-20.718000,0.000000
0.114000,0.789000,-0.064000,0.216000,-20.489000,-24.977000,-20.366000,0.000000
0.125000,0.799000,-0.119000,0.239000,-16.962000,-26.855000,-15.695000,0.000000
0.132000,0.825000,-0.158000,0.252000,-11.481000,-26.473000,-9.771000,0.000000
0.140000,0.856000,-0.145000,0.242000,-4.336000,-25.908000,-5.878000,0.000000
0.150000,0.855000,-0.109000,0.214000,1.847000,-24.763000,-4.580000,0.000000
0.163000,0.842000,-0.063000,0.184000,4.992000,-24.748000,-3.282000,0.000000
0.175000,0.826000,-0.014000,0.157000,4.748000,-27.053000,-3.252000,0.000000
0.184000,0.861000,0.026000,0.148000,1.298000,-30.260000,-1.695000,0.000000
0.190000,0.922000,0.050000,0.151000,-3.023000,-31.924000,-3.557000,0.000000
0.201000,0.995000,0.032000,0.169000,-7.374000,-33.191000,-9.496000,0.000000
0.215000,1.023000,-0.028000,0.183000,-7.084000,-34.550000,-17.786000,0.000000
0.222000,1.051000,-0.070000,0.185000,-5.038000,-33.344000,-22.687000,0.000000
0.234000,1.041000,-0.113000,0.178000,-0.229000,-30.305000,-25.282000,0.000000
0.245000,1.034000,-0.100000,0.160000,5.557000,-25.863000,-24.534000,0.000000
0.254000,1.016000,-0.041000,0.119000,9.924000,-21.634000,-25.313000,0.000000
0.262000,0.970000,0.015000,0.093000,11.481000,-19.740000,-25.740000,0.000000
0.271000,0.938000,0.060000,0.092000,9.099000,-18.718000,-25.664000,0.000000
0.285000,0.930000,0.082000,0.098000,6.244000,-19.008000,-26.595000,0.000000
0.289000,0.934000,0.098000,0.084000,4.916000,-21.084000,-31.145000,0.000000
0.304000,0.939000,0.105000,0.098000,3.450000,-22.214000,-33.985000,0.000000
0.316000,0.962000,0.107000,0.126000,2.626000,-21.328000,-38.977000,0.000000
0.324000,0.950000,0.098000,0.117000,4.504000,-19.282000,-43.359000,0.000000
0.335000,0.942000,0.132000,0.110000,4.947000,-15.435000,-45.649000,0.000000
0.343000,0.893000,0.141000,0.091000,6.229000,-14.031000,-47.725000,0.000000
0.355000,0.864000,0.152000,0.074000,5.908000,-16.061000,-45.985000,0.000000
0.359000,0.813000,0.119000,0.027000,5.130000,-21.359000,-41.069000,0.000000
0.370000,0.852000,0.104000,0.033000,2.840000,-26.031000,-29.420000,0.000000
0.386000,0.909000,0.063000,0.068000,0.580000,-28.168000,-17.725000,0.000000
0.405000,1.007000,0.009000,0.089000,7.191000,-31.603000,-11.481000,0.000000
0.413000,1.035000,0.013000,0.075000,10.885000,-32.947000,-13.252000,0.000000
0.425000,1.078000,0.057000,0.086000,11.863000,-30.519000,-13.466000,0.000000
0.433000,1.156000,0.091000,0.080000,12.565000,-26.855000,-18.763000,0.000000
0.440000,1.244000,0.134000,0.083000,14.611000,-22.290000,-28.916000,0.000000
0.456000,1.254000,0.175000,0.125000,16.336000,-17.679000,-43.481000,0.000000
0.475000,1.059000,0.147000,0.005000,15.573000,-24.214000,-49.023000,0.000000
0.482000,1.014000,0.169000,-0.007000,14.031000,-21.740000,-40.168000,0.000000
0.492000,1.015000,0.168000,0.015000,12.489000,-20.092000,-36.519000,0.000000
0.501000,1.023000,0.171000,0.016000,13.023000,-19.435000,-33.084000,0.000000
0.510000,1.029000,0.176000,0.031000,13.282000,-19.282000,-31.466000,0.000000
0.518000,1.013000,0.179000,0.043000,15.252000,-19.710000,-28.992000,0.000000
0.533000,0.993000,0.179000,0.042000,16.427000,-21.237000,-26.061000,0.000000
0.543000,1.002000,0.177000,0.031000,17.130000,-23.206000,-20.305000,0.000000
0.552000,1.041000,0.198000,0.039000,17.588000,-22.962000,-14.122000,0.000000
0.564000,1.080000,0.218000,0.029000,19.191000,-21.954000,-11.328000,0.000000
0.576000,1.094000,0.260000,0.014000,20.794000,-19.985000,-12.641000,0.000000
0.594000,1.041000,0.342000,-0.042000,17.832000,-15.924000,-15.344000,0.000000
0.604000,1.006000,0.369000,-0.041000,13.221000,-17.313000,-18.198000,0.000000
0.614000,0.990000,0.371000,-0.050000,6.000000,-18.992000,-19.053000,0.000000
0.621000,1.000000,0.322000,-0.031000,-0.015000,-21.771000,-19.802000,0.000000
0.626000,1.032000,0.243000,0.007000,-2.000000,-24.687000,-20.046000,0.000000
0.643000,1.054000,0.189000,0.026000,-0.183000,-24.305000,-17.420000,0.000000
0.651000,1.057000,0.143000,0.033000,3.878000,-22.351000,-12.351000,0.000000
0.661000,1.032000,0.142000,0.010000,9.298000,-20.397000,-6.855000,0.000000
0.672000,1.014000,0.178000,-0.020000,13.099000,-20.015000,-2.489000,0.000000
0.684000,1.024000,0.237000,-0.013000,15.084000,-20.137000,-0.122000,0.000000
0.688000,1.036000,0.296000,-0.029000,14.046000,-18.992000,-1.603000,0.000000
0.700000,1.045000,0.352000,-0.042000,10.183000,-18.718000,-5.924000,0.000000
0.715000,1.067000,0.356000,-0.059000,5.405000,-19.527000,-13.298000,0.000000
0.717000,1.060000,0.325000,-0.062000,1.740000,-21.145000,-22.260000,0.000000
0.729000,1.047000,0.281000,-0.072000,-0.015000,-21.542000,-26.855000,0.000000
0.743000,1.022000,0.235000,-0.063000,-0.260000,-20.122000,-25.695000,0.000000
0.754000,1.005000,0.197000,-0.077000,1.466000,-19.695000,-21.481000,0.000000
0.761000,1.043000,0.197000,-0.073000,4.611000,-17.389000,-17.282000,0.000000
0.770000,1.054000,0.215000,-0.075000,7.802000,-14.443000,-13.893000,0.000000
0.785000,1.044000,0.235000,-0.085000,9.740000,-12.031000,-11.389000,0.000000
0.794000,1.051000,0.276000,-0.084000,8.672000,-9.893000,-8.519000,0.000000
0.804000,1.025000,0.290000,-0.090000,7.023000,-10.046000,-9.679000,0.000000
0.810000,0.995000,0.293000,-0.115000,4.412000,-12.260000,-10.870000,0.000000
0.820000,0.969000,0.294000,-0.137000,0.626000,-16.122000,-12.443000,0.000000
0.835000,0.951000,0.265000,-0.124000,-1.496000,-20.305000,-15.038000,0.000000
0.842000,0.969000,0.234000,-0.090000,-1.099000,-23.618000,-16.641000,0.000000
0.852000,0.970000,0.198000,-0.076000,1.435000,-24.275000,-16.198000,0.000000
0.861000,0.974000,0.192000,-0.065000,4.351000,-23.588000,-11.985000,0.000000
0.870000,1.003000,0.209000,-0.076000,6.427000,-21.145000,-6.855000,0.000000
0.889000,1.046000,0.259000,-0.097000,9.618000,-18.733000,-5.725000,0.000000
0.903000,1.074000,0.295000,-0.102000,9.817000,-17.389000,-9.603000,0.000000
0.917000,1.030000,0.286000,-0.115000,7.771000,-18.000000,-19.710000,0.000000
0.925000,0.996000,0.256000,-0.128000,7.115000,-19.053000,-19.740000,0.000000
0.942000,0.988000,0.246000,-0.114000,6.992000,-19.878000,-16.672000,0.000000
0.960000,1.037000,0.277000,-0.123000,9.160000,-19.069000,-10.275000,0.000000
0.975000,1.050000,0.300000,-0.123000,10.794000,-16.885000,-10.809000,0.000000
0.992000,1.015000,0.339000,-0.167000,11.985000,-15.603000,-18.366000,0.000000
1.000000,1.001000,0.349000,-0.151000,9.863000,-13.969000,-18.290000,0.000000
1.014000,0.991000,0.345000,-0.160000,8.412000,-12.656000,-18.977000,0.000000
1.024000,0.978000,0.346000,-0.173000,7.527000,-12.366000,-19.481000,0.000000
1.033000,0.969000,0.346000,-0.167000,6.061000,-11.725000,-19.893000,0.000000
1.041000,0.952000,0.328000,-0.172000,4.229000,-11.618000,-20.000000,0.000000
1.049000,0.938000,0.309000,-0.159000,5.145000,-12.855000,-20.351000,0.000000
1.058000,0.907000,0.294000,-0.165000,6.901000,-14.031000,-18.366000,0.000000
1.072000,0.880000,0.289000,-0.169000,7.313000,-14.397000,-12.321000,0.000000
1.083000,0.853000,0.274000,-0.182000,9.160000,-15.924000,-5.786000,0.000000
