DeltaTime_s,AccelX,AccelY,AccelZ,GyroX,GyroY,GyroZ,Temp
0.000000,0.851000,-0.056000,0.309000,-2.763000,-16.870000,-2.168000,0.000000
0.010000,0.842000,-0.023000,0.294000,-4.351000,-16.214000,-5.237000,0.000000
0.033000,0.802000,-0.047000,0.276000,-9.893000,-21.878000,-8.443000,0.000000
0.049000,0.875000,-0.164000,0.324000,-13.099000,-27.313000,-7.405000,0.000000
0.061000,0.922000,-0.181000,0.355000,-10.031000,-27.511000,-8.901000,0.000000
0.066000,0.913000,-0.193000,0.344000,-6.550000,-25.679000,-8.855000,0.000000
0.082000,0.890000,-0.188000,0.324000,-2.489000,-24.458000,-7.725000,0.000000
0.090000,0.902000,-0.162000,0.330000,0.992000,-24.000000,-7.130000,0.000000
0.099000,0.899000,-0.116000,0.273000,3.374000,-22.916000,-7.374000,0.000000
0.107000,0.914000,-0.053000,0.254000,2.550000,-22.763000,-9.008000,0.000000
0.123000,0.921000,-0.032000,0.236000,0.763000,-22.412000,-12.626000,0.000000
0.131000,0.874000,-0.033000,0.235000,-1.511000,-23.115000,-17.038000,0.000000
0.139000,0.819000,-0.064000,0.227000,-3.237000,-25.298000,-19.252000,0.000000
0.154000,0.787000,-0.104000,0.242000,-3.939000,-27.237000,-16.351000,0.000000
0.171000,0.809000,-0.119000,0.277000,-0.962000,-30.687000,-11.328000,0.000000
0.183000,0.853000,-0.124000,0.261000,1.389000,-31.237000,-12.443000,0.000000
0.191000,0.886000,-0.111000,0.233000,5.344000,-30.443000,-15.359000,0.000000
0.204000,0.921000,-0.065000,0.200000,6.321000,-28.458000,-17.191000,0.000000
0.221000,0.910000,-0.015000,0.176000,4.366000,-25.863000,-28.504000,0.000000
0.229000,0.861000,0.009000,0.177000,2.122000,-26.702000,-34.382000,0.000000
0.237000,0.797000,0.012000,0.152000,-1.160000,-28.977000,-36.855000,0.000000
0.254000,0.781000,-0.015000,0.158000,-4.427000,-32.290000,-34.840000,0.000000
0.262000,0.794000,-0.075000,0.203000,-6.595000,-34.290000,-31.023000,0.000000
0.271000,0.808000,-0.142000,0.224000,-2.931000,-36.718000,-28.382000,0.000000
0.278000,0.824000,-0.157000,0.222000,3.695000,-37.664000,-24.427000,0.000000
0.286000,0.842000,-0.137000,0.192000,8.947000,-36.641000,-18.733000,0.000000
0.299000,0.877000,-0.104000,0.169000,13.084000,-36.656000,-13.542000,0.000000
0.311000,0.925000,-0.046000,0.131000,15.588000,-35.313000,-10.122000,0.000000
0.319000,0.971000,0.006000,0.116000,15.069000,-33.893000,-9.740000,0.000000
0.330000,0.990000,0.041000,0.095000,13.084000,-34.000000,-13.008000,0.000000
0.343000,0.990000,0.060000,0.079000,10.366000,-34.565000,-15.817000,0.000000
0.351000,0.972000,0.041000,0.088000,6.885000,-35.511000,-16.092000,0.000000
0.361000,0.961000,0.011000,0.122000,5.573000,-36.595000,-14.275000,0.000000
0.367000,0.973000,0.000000,0.141000,6.458000,-36.260000,-14.611000,0.000000
0.382000,0.973000,0.020000,0.127000,7.756000,-36.168000,-15.985000,0.000000
0.393000,0.978000,0.041000,0.105000,7.634000,-36.779000,-16.977000,0.000000
0.401000,1.005000,0.028000,0.106000,6.443000,-36.092000,-17.740000,0.000000
0.412000,1.061000,0.022000,0.108000,5.481000,-34.443000,-18.550000,0.000000
0.417000,1.107000,0.012000,0.122000,7.145000,-34.214000,-21.832000,0.000000
0.433000,1.134000,0.033000,0.118000,8.229000,-29.466000,-21.328000,0.000000
0.439000,1.127000,0.033000,0.114000,10.137000,-26.565000,-21.863000,0.000000
0.450000,1.094000,0.068000,0.101000,11.237000,-24.366000,-20.595000,0.000000
0.461000,1.065000,0.101000,0.090000,11.863000,-23.450000,-17.634000,0.000000
0.467000,1.003000,0.097000,0.070000,11.267000,-23.740000,-12.595000,0.000000
0.483000,0.956000,0.101000,0.038000,10.733000,-26.412000,-3.466000,0.000000
0.491000,0.976000,0.104000,0.060000,9.038000,-27.527000,6.870000,0.000000
0.503000,1.113000,0.134000,0.088000,6.351000,-28.137000,8.473000,0.000000
0.509000,1.285000,0.221000,0.126000,6.107000,-25.786000,-11.679000,0.000000
0.522000,1.064000,0.207000,-0.031000,5.160000,-25.710000,-7.832000,0.000000
0.532000,1.216000,0.219000,0.029000,-2.977000,-27.802000,-28.168000,0.000000
0.540000,1.178000,0.202000,0.010000,-8.656000,-22.489000,-32.672000,0.000000
0.551000,1.197000,0.143000,0.065000,-14.183000,-18.885000,-42.809000,0.000000
0.560000,1.143000,0.068000,0.109000,-11.008000,-16.260000,-49.832000,0.000000
0.573000,1.059000,0.027000,0.089000,-7.786000,-16.489000,-50.000000,0.000000
0.578000,0.980000,-0.011000,0.090000,-4.840000,-14.870000,-40.229000,0.000000
0.591000,0.935000,-0.023000,0.077000,0.565000,-15.450000,-29.618000,0.000000
0.603000,0.898000,-0.021000,0.061000,6.595000,-18.580000,-17.084000,0.000000
0.611000,0.914000,-0.000000,0.040000,10.275000,-18.489000,-2.885000,0.000000
0.622000,0.956000,0.050000,0.027000,13.405000,-19.328000,5.084000,0.000000
0.630000,0.981000,0.107000,0.002000,14.855000,-20.977000,6.885000,0.000000
0.642000,1.043000,0.147000,-0.011000,13.756000,-21.557000,6.992000,0.000000
0.649000,1.133000,0.221000,0.001000,9.038000,-19.160000,1.695000,0.000000
0.663000,1.168000,0.251000,-0.008000,5.771000,-17.053000,-11.603000,0.000000
0.675000,1.181000,0.260000,-0.006000,0.901000,-13.954000,-25.863000,0.000000
0.694000,1.112000,0.198000,-0.020000,-8.305000,-8.015000,-45.756000,0.000000
0.701000,1.074000,0.144000,0.001000,-11.038000,-5.191000,-49.374000,0.000000
0.713000,0.992000,0.089000,0.024000,-10.550000,-4.305000,-49.313000,0.000000
0.720000,0.896000,0.043000,0.014000,-6.580000,-6.840000,-46.153000,0.000000
0.727000,0.839000,0.040000,0.010000,-3.252000,-9.863000,-35.878000,0.000000
0.745000,0.791000,0.014000,0.001000,0.000000,-14.214000,-22.992000,0.000000
0.762000,0.808000,-0.025000,0.008000,5.771000,-21.008000,11.130000,0.000000
0.770000,0.888000,-0.012000,0.013000,8.687000,-23.420000,24.076000,0.000000
0.782000,0.960000,0.003000,0.013000,13.237000,-27.221000,29.160000,0.000000
0.803000,1.160000,0.135000,-0.008000,15.817000,-26.519000,15.176000,0.000000
0.815000,1.222000,0.184000,-0.030000,13.038000,-23.863000,-1.237000,0.000000
0.832000,1.196000,0.189000,-0.063000,8.595000,-21.435000,-36.137000,0.000000
0.841000,1.129000,0.159000,-0.083000,9.298000,-22.427000,-44.366000,0.000000
0.852000,1.083000,0.147000,-0.089000,8.870000,-23.267000,-43.603000,0.000000
0.861000,1.050000,0.136000,-0.056000,8.641000,-21.969000,-36.550000,0.000000
0.873000,1.026000,0.134000,-0.057000,10.504000,-21.221000,-29.496000,0.000000
0.884000,1.007000,0.146000,-0.076000,12.641000,-22.321000,-24.244000,0.000000
0.903000,1.038000,0.232000,-0.090000,13.237000,-22.550000,-16.672000,0.000000
0.911000,1.051000,0.262000,-0.092000,12.153000,-20.397000,-16.992000,0.000000
0.922000,1.062000,0.282000,-0.119000,10.916000,-18.763000,-20.214000,0.000000
0.934000,1.070000,0.292000,-0.126000,8.489000,-18.214000,-24.168000,0.000000
0.953000,1.033000,0.250000,-0.101000,4.397000,-19.588000,-30.687000,0.000000
0.960000,0.990000,0.235000,-0.103000,3.634000,-20.290000,-29.267000,0.000000
0.973000,0.973000,0.219000,-0.096000,2.382000,-20.916000,-24.992000,0.000000
0.977000,0.954000,0.215000,-0.092000,2.214000,-21.115000,-20.137000,0.000000
0.993000,0.951000,0.216000,-0.099000,2.260000,-21.496000,-15.634000,0.000000
1.004000,0.949000,0.203000,-0.108000,1.924000,-23.313000,-10.656000,0.000000
1.011000,0.975000,0.162000,-0.090000,2.763000,-24.473000,-7.237000,0.000000
1.022000,1.020000,0.141000,-0.077000,5.115000,-24.794000,-4.977000,0.000000
1.031000,1.053000,0.143000,-0.093000,7.282000,-24.244000,-5.023000,0.000000
1.044000,1.084000,0.154000,-0.082000,8.534000,-22.290000,-5.145000,0.000000
1.050000,1.115000,0.182000,-0.075000,9.359000,-19.969000,-6.580000,0.000000
1.062000,1.113000,0.210000,-0.092000,9.695000,-17.756000,-10.046000,0.000000
1.071000,1.091000,0.226000,-0.116000,9.557000,-16.947000,-12.824000,0.000000
1.080000,1.090000,0.246000,-0.132000,8.733000,-16.321000,-14.534000,0.000000
1.093000,1.077000,0.244000,-0.138000,7.893000,-17.405000,-16.229000,0.000000
