DeltaTime_s,AccelX,AccelY,AccelZ,GyroX,GyroY,GyroZ,Temp
0.000000,0.935000,0.004000,0.247000,5.160000,-9.496000,1.053000,0.000000
0.021000,0.923000,0.101000,0.210000,3.985000,-11.237000,1.573000,0.000000
0.032000,0.934000,0.114000,0.205000,0.366000,-12.977000,-1.267000,0.000000
0.054000,0.978000,0.037000,0.236000,-2.794000,-13.420000,-5.450000,0.000000
0.072000,0.958000,-0.001000,0.235000,-0.702000,-10.504000,-6.534000,0.000000
0.081000,0.936000,-0.006000,0.219000,1.969000,-7.939000,-5.084000,0.000000
0.086000,0.906000,0.008000,0.206000,4.122000,-6.901000,-3.252000,0.000000
0.101000,0.854000,0.039000,0.188000,5.130000,-7.634000,-0.168000,0.000000
0.110000,0.805000,0.058000,0.167000,4.290000,-10.198000,3.221000,0.000000
0.118000,0.787000,0.074000,0.152000,0.626000,-13.313000,6.855000,0.000000
0.132000,0.806000,0.073000,0.182000,-3.038000,-17.130000,9.359000,0.000000
0.145000,0.865000,0.060000,0.208000,-6.962000,-18.427000,6.962000,0.000000
0.159000,0.901000,0.022000,0.186000,-7.954000,-18.076000,-3.206000,0.000000
0.172000,0.882000,0.000000,0.170000,-6.290000,-17.863000,-7.115000,0.000000
0.183000,0.839000,-0.011000,0.172000,-4.748000,-17.008000,-7.527000,0.000000
0.190000,0.774000,-0.015000,0.148000,-2.580000,-19.069000,-6.931000,0.000000
0.200000,0.738000,0.004000,0.159000,-2.076000,-21.588000,-2.977000,0.000000
0.214000,0.714000,0.013000,0.162000,-2.595000,-25.328000,3.435000,0.000000
0.222000,0.741000,0.033000,0.167000,-3.252000,-29.863000,7.893000,0.000000
0.232000,0.794000,0.029000,0.166000,-6.504000,-30.992000,8.931000,0.000000
0.238000,0.821000,-0.004000,0.149000,-6.809000,-34.275000,6.183000,0.000000
0.254000,0.882000,-0.041000,0.147000,-7.267000,-36.489000,1.496000,0.000000
0.256000,0.959000,-0.068000,0.171000,-7.695000,-35.069000,-1.924000,0.000000
0.267000,1.014000,-0.098000,0.168000,-6.992000,-31.817000,-6.382000,0.000000
0.283000,1.040000,-0.128000,0.170000,-2.718000,-29.969000,-12.015000,0.000000
0.288000,1.045000,-0.138000,0.168000,1.969000,-27.405000,-14.366000,0.000000
0.303000,1.016000,-0.139000,0.145000,6.336000,-25.069000,-14.611000,0.000000
0.312000,0.985000,-0.091000,0.124000,10.336000,-24.137000,-13.756000,0.000000
0.320000,0.969000,-0.052000,0.105000,11.664000,-23.328000,-12.168000,0.000000
0.330000,0.940000,-0.005000,0.093000,14.061000,-25.176000,-11.878000,0.000000
0.338000,0.928000,0.007000,0.087000,14.305000,-26.214000,-10.916000,0.000000
0.355000,0.914000,0.021000,0.074000,12.702000,-27.435000,-9.130000,0.000000
0.369000,0.914000,-0.022000,0.094000,12.519000,-30.427000,-5.969000,0.000000
0.377000,0.927000,-0.050000,0.088000,14.137000,-31.649000,-2.397000,0.000000
0.394000,0.983000,-0.047000,0.099000,15.985000,-30.061000,0.519000,0.000000
0.401000,1.015000,-0.037000,0.108000,20.290000,-28.840000,-2.168000,0.000000
0.413000,1.013000,0.031000,0.072000,22.000000,-29.328000,-7.038000,0.000000
0.425000,1.017000,0.073000,0.073000,20.809000,-28.412000,-12.580000,0.000000
0.433000,0.985000,0.126000,0.049000,17.847000,-27.496000,-16.260000,0.000000
0.444000,0.962000,0.150000,0.025000,13.435000,-28.702000,-16.550000,0.000000
0.451000,0.983000,0.164000,0.023000,9.069000,-30.748000,-17.206000,0.000000
0.458000,0.978000,0.127000,0.009000,5.740000,-32.580000,-17.527000,0.000000
0.469000,1.018000,0.100000,0.016000,4.580000,-32.397000,-15.954000,0.000000
0.481000,1.021000,0.061000,0.019000,6.137000,-33.008000,-14.168000,0.000000
0.495000,1.052000,0.046000,0.030000,7.878000,-31.634000,-12.504000,0.000000
0.503000,1.127000,0.033000,-0.028000,5.053000,-36.840000,-14.198000,0.000000
0.515000,0.985000,0.056000,-0.002000,8.855000,-25.008000,-13.176000,0.000000
0.522000,1.106000,0.051000,0.086000,11.069000,-31.282000,-19.786000,0.000000
0.533000,1.098000,0.110000,0.060000,9.527000,-25.466000,-19.282000,0.000000
0.540000,1.087000,0.099000,0.051000,8.931000,-26.183000,-23.084000,0.000000
0.553000,1.103000,0.106000,0.013000,10.718000,-23.679000,-22.321000,0.000000
0.560000,1.086000,0.130000,-0.026000,10.336000,-21.511000,-19.023000,0.000000
0.571000,1.073000,0.148000,-0.052000,10.718000,-20.351000,-16.137000,0.000000
0.583000,1.063000,0.189000,-0.066000,10.504000,-20.107000,-14.885000,0.000000
0.602000,1.058000,0.218000,-0.032000,4.977000,-19.008000,-18.015000,0.000000
0.615000,1.049000,0.203000,-0.021000,3.557000,-20.092000,-20.000000,0.000000
0.634000,1.063000,0.123000,-0.031000,-1.771000,-19.863000,-17.542000,0.000000
0.653000,1.117000,0.070000,-0.054000,-0.366000,-16.366000,-15.649000,0.000000
0.658000,1.109000,0.057000,-0.023000,1.573000,-13.298000,-16.718000,0.000000
0.669000,1.070000,0.075000,-0.020000,5.252000,-11.221000,-17.985000,0.000000
0.685000,1.023000,0.103000,-0.018000,8.702000,-11.542000,-18.702000,0.000000
0.704000,0.908000,0.173000,-0.075000,7.191000,-13.542000,-15.191000,0.000000
0.709000,0.888000,0.177000,-0.096000,3.954000,-17.786000,-12.656000,0.000000
0.722000,0.940000,0.166000,-0.076000,0.565000,-20.244000,-10.595000,0.000000
0.733000,0.985000,0.124000,-0.054000,-1.450000,-22.336000,-12.656000,0.000000
0.742000,1.035000,0.105000,-0.041000,-0.702000,-23.176000,-18.595000,0.000000
0.748000,1.061000,0.091000,-0.021000,1.023000,-22.046000,-25.267000,0.000000
0.757000,1.072000,0.072000,-0.020000,3.557000,-20.519000,-31.878000,0.000000
0.773000,1.069000,0.060000,-0.021000,7.160000,-19.206000,-36.626000,0.000000
0.781000,1.021000,0.061000,-0.042000,10.611000,-18.565000,-38.427000,0.000000
0.789000,0.982000,0.078000,-0.062000,12.824000,-18.382000,-37.084000,0.000000
0.805000,0.924000,0.085000,-0.073000,16.092000,-20.565000,-32.794000,0.000000
0.823000,0.884000,0.138000,-0.111000,17.298000,-24.229000,-11.832000,0.000000
0.832000,0.924000,0.171000,-0.126000,17.023000,-26.321000,-4.107000,0.000000
0.843000,0.982000,0.197000,-0.116000,15.878000,-27.405000,-0.244000,0.000000
0.855000,1.041000,0.214000,-0.138000,15.206000,-28.336000,-1.588000,0.000000
0.874000,1.086000,0.221000,-0.160000,13.038000,-27.008000,-10.550000,0.000000
0.881000,1.094000,0.239000,-0.147000,12.122000,-26.397000,-15.496000,0.000000
0.893000,1.096000,0.250000,-0.137000,9.527000,-24.580000,-18.244000,0.000000
0.902000,1.083000,0.257000,-0.138000,7.832000,-24.382000,-21.267000,0.000000
0.912000,1.070000,0.253000,-0.129000,6.534000,-24.412000,-24.763000,0.000000
0.925000,1.043000,0.247000,-0.138000,4.626000,-24.153000,-26.779000,0.000000
0.933000,1.038000,0.209000,-0.144000,3.618000,-25.145000,-28.305000,0.000000
0.943000,1.038000,0.185000,-0.126000,3.954000,-25.344000,-27.634000,0.000000
0.948000,1.026000,0.168000,-0.138000,6.580000,-24.763000,-25.954000,0.000000
0.958000,1.021000,0.172000,-0.149000,8.595000,-24.916000,-23.053000,0.000000
0.975000,1.013000,0.175000,-0.156000,10.107000,-23.160000,-17.725000,0.000000
0.983000,0.979000,0.169000,-0.162000,12.382000,-21.252000,-12.397000,0.000000
0.989000,0.992000,0.243000,-0.155000,11.756000,-27.267000,-11.649000,0.000000
0.999000,1.024000,0.269000,-0.154000,10.626000,-25.527000,-10.305000,0.000000
1.012000,1.052000,0.288000,-0.145000,8.580000,-24.336000,-12.015000,0.000000
1.021000,1.049000,0.266000,-0.159000,9.084000,-24.870000,-15.389000,0.000000
1.032000,1.060000,0.271000,-0.179000,8.718000,-24.443000,-18.031000,0.000000
1.044000,1.050000,0.263000,-0.197000,6.595000,-24.595000,-18.336000,0.000000
1.052000,1.052000,0.247000,-0.184000,5.878000,-24.443000,-17.496000,0.000000
1.060000,1.069000,0.240000,-0.195000,6.107000,-23.145000,-15.939000,0.000000
1.072000,1.063000,0.230000,-0.184000,6.092000,-23.511000,-14.748000,0.000000
1.083000,1.078000,0.235000,-0.179000,6.473000,-23.008000,-13.710000,0.000000
1.095000,1.096000,0.242000,-0.177000,6.702000,-21.145000,-12.901000,0.000000
1.115000,1.051000,0.257000,-0.205000,8.260000,-18.718000,-9.573000,0.000000
