DeltaTime_s,AccelX,AccelY,AccelZ,GyroX,GyroY,GyroZ,Temp
0.000000,1.124000,-0.012000,-0.133000,-10.992000,30.992000,-32.031000,0.000000
0.011000,1.107000,0.001000,-0.145000,-12.595000,33.481000,-35.954000,0.000000
0.027000,1.062000,-0.019000,-0.126000,-19.023000,34.565000,-32.519000,0.000000
0.037000,1.028000,-0.047000,-0.114000,-15.603000,33.863000,-25.084000,0.000000
0.044000,1.011000,-0.038000,-0.133000,-16.595000,33.679000,-17.450000,0.000000
0.060000,1.018000,-0.034000,-0.128000,-17.542000,34.992000,-9.374000,0.000000
0.077000,1.071000,0.001000,-0.126000,-18.229000,39.786000,-8.122000,0.000000
0.085000,1.068000,0.017000,-0.132000,-17.038000,40.595000,-12.229000,0.000000
0.094000,1.040000,0.018000,-0.137000,-17.313000,39.725000,-16.931000,0.000000
0.111000,0.962000,-0.006000,-0.153000,-17.511000,35.649000,-16.198000,0.000000
0.126000,0.850000,-0.042000,-0.159000,-15.084000,21.924000,-7.740000,0.000000
0.134000,0.837000,-0.075000,-0.161000,-13.053000,15.328000,-0.794000,0.000000
0.158000,1.016000,-0.011000,-0.135000,-15.771000,9.969000,5.344000,0.000000
0.181000,1.153000,0.026000,-0.007000,-21.328000,19.191000,-8.718000,0.000000
0.200000,1.117000,0.034000,-0.032000,-20.061000,29.099000,-22.198000,0.000000
0.207000,1.057000,0.004000,-0.086000,-19.832000,29.527000,-27.710000,0.000000
0.219000,0.975000,-0.040000,-0.127000,-19.511000,26.000000,-26.794000,0.000000
0.224000,0.958000,-0.053000,-0.144000,-19.664000,24.015000,-17.542000,0.000000
0.237000,0.968000,-0.058000,-0.144000,-23.863000,25.221000,-5.618000,0.000000
0.242000,0.988000,-0.056000,-0.099000,-28.763000,25.969000,1.710000,0.000000
0.256000,1.030000,-0.044000,-0.023000,-31.527000,27.802000,3.664000,0.000000
0.269000,1.043000,-0.036000,0.011000,-31.298000,29.878000,0.534000,0.000000
0.278000,1.024000,-0.054000,0.042000,-26.473000,29.420000,-5.466000,0.000000
0.299000,0.980000,-0.036000,0.046000,-19.878000,29.359000,-6.855000,0.000000
0.314000,0.945000,-0.034000,0.010000,-14.763000,27.863000,-3.969000,0.000000
0.326000,0.967000,-0.034000,0.017000,-13.115000,26.763000,-5.481000,0.000000
0.338000,0.957000,-0.030000,0.035000,-12.947000,23.771000,-11.374000,0.000000
0.351000,0.967000,0.004000,0.069000,-15.878000,22.580000,-14.015000,0.000000
0.370000,0.916000,0.004000,0.129000,-21.053000,19.496000,-12.382000,0.000000
0.378000,0.907000,-0.014000,0.160000,-22.260000,18.076000,-6.733000,0.000000
0.390000,0.902000,-0.040000,0.204000,-18.397000,15.603000,-3.832000,0.000000
0.401000,0.861000,-0.076000,0.202000,-12.122000,12.092000,-3.496000,0.000000
0.417000,0.877000,-0.031000,0.186000,-6.382000,6.412000,-2.427000,0.000000
0.427000,0.922000,-0.023000,0.189000,-7.756000,7.847000,0.061000,0.000000
0.439000,0.953000,-0.014000,0.195000,-8.824000,9.939000,0.824000,0.000000
0.456000,0.979000,0.009000,0.204000,0.015000,6.183000,-1.817000,0.000000
0.466000,0.965000,0.023000,0.172000,1.466000,6.122000,-6.595000,0.000000
0.480000,0.995000,0.051000,0.175000,-0.779000,8.977000,-6.702000,0.000000
0.498000,0.971000,0.033000,0.158000,-8.641000,15.282000,-3.435000,0.000000
0.518000,0.982000,0.027000,0.167000,-4.168000,8.015000,-5.298000,0.000000
0.539000,0.980000,0.025000,0.150000,-4.458000,7.557000,-6.305000,0.000000
0.559000,0.990000,0.010000,0.123000,-6.977000,10.565000,-8.718000,0.000000
0.571000,1.012000,0.022000,0.138000,-4.351000,7.634000,-13.481000,0.000000
0.591000,0.972000,0.057000,0.098000,1.099000,2.214000,-29.359000,0.000000
0.610000,0.924000,0.036000,0.056000,-3.878000,5.176000,-19.527000,0.000000
0.616000,0.875000,0.022000,0.037000,-5.618000,6.992000,-11.924000,0.000000
0.629000,0.885000,0.028000,0.048000,-6.244000,7.679000,-3.237000,0.000000
0.637000,0.890000,0.053000,0.031000,-5.359000,5.756000,-2.000000,0.000000
0.648000,0.893000,0.072000,0.009000,-4.748000,1.725000,-4.061000,0.000000
0.661000,0.937000,0.069000,0.003000,-3.359000,-1.893000,-4.779000,0.000000
0.667000,0.989000,0.040000,0.034000,-1.130000,-0.580000,-8.962000,0.000000
0.675000,1.041000,0.031000,0.016000,-4.885000,-3.573000,-15.481000,0.000000
0.685000,1.051000,-0.015000,0.033000,-7.084000,-3.542000,-21.939000,0.000000
0.700000,1.019000,-0.023000,0.049000,-7.954000,-3.649000,-23.389000,0.000000
0.706000,0.986000,-0.019000,0.046000,-12.076000,-4.107000,-15.038000,0.000000
0.716000,0.982000,-0.035000,0.065000,-13.740000,-4.000000,-6.351000,0.000000
0.732000,0.995000,-0.024000,0.080000,-14.244000,-4.275000,-1.450000,0.000000
0.748000,1.027000,0.011000,0.061000,-13.038000,-5.511000,-10.458000,0.000000
0.757000,1.047000,0.018000,0.072000,-13.099000,-7.450000,-14.870000,0.000000
0.769000,1.058000,0.002000,0.078000,-13.954000,-8.046000,-18.183000,0.000000
0.774000,1.054000,-0.028000,0.117000,-14.397000,-8.901000,-20.000000,0.000000
0.788000,1.029000,-0.080000,0.155000,-9.511000,-12.580000,-21.740000,0.000000
0.800000,1.061000,-0.080000,0.183000,-4.687000,-13.634000,-20.595000,0.000000
0.805000,1.036000,-0.081000,0.181000,-0.076000,-13.328000,-20.489000,0.000000
0.813000,1.012000,-0.057000,0.173000,2.931000,-14.015000,-18.855000,0.000000
0.823000,0.974000,-0.074000,0.169000,5.954000,-13.237000,-14.290000,0.000000
0.838000,0.976000,-0.062000,0.161000,9.389000,-11.679000,-8.794000,0.000000
0.846000,0.934000,-0.026000,0.155000,12.458000,-10.534000,-1.237000,0.000000
0.856000,0.959000,0.025000,0.131000,11.237000,-7.802000,8.870000,0.000000
0.871000,0.982000,0.040000,0.134000,10.885000,-7.634000,11.527000,0.000000
0.877000,1.000000,0.080000,0.132000,10.397000,-8.260000,10.336000,0.000000
0.889000,1.026000,0.073000,0.146000,8.992000,-8.275000,5.634000,0.000000
0.899000,1.021000,0.024000,0.180000,9.832000,-8.718000,-1.924000,0.000000
0.910000,0.975000,-0.040000,0.175000,13.496000,-11.053000,-9.740000,0.000000
0.917000,0.945000,-0.108000,0.157000,20.519000,-16.611000,-18.076000,0.000000
0.929000,0.946000,-0.100000,0.169000,32.107000,-24.626000,-27.237000,0.000000
0.941000,0.947000,-0.025000,0.185000,38.840000,-27.252000,-27.481000,0.000000
0.948000,0.941000,0.052000,0.160000,38.855000,-24.489000,-19.008000,0.000000
0.961000,0.920000,0.086000,0.127000,34.504000,-18.962000,-2.916000,0.000000
0.968000,0.881000,0.073000,0.109000,30.779000,-15.695000,14.229000,0.000000
0.974000,0.882000,0.075000,0.106000,27.145000,-13.664000,31.817000,0.000000
0.984000,0.893000,0.057000,0.099000,24.031000,-12.031000,46.947000,0.000000
0.999000,0.904000,0.053000,0.103000,21.374000,-11.344000,59.710000,0.000000
1.016000,1.160000,0.128000,0.142000,27.511000,-16.641000,56.366000,0.000000
1.027000,1.275000,0.237000,0.146000,33.511000,-20.992000,30.061000,0.000000
1.048000,1.298000,0.314000,0.097000,30.321000,-24.809000,-15.695000,0.000000
1.068000,1.202000,0.154000,0.071000,14.198000,-37.802000,-26.595000,0.000000
1.089000,1.284000,0.068000,0.219000,9.405000,-28.168000,-8.305000,0.000000
1.106000,1.278000,0.011000,0.274000,15.038000,-4.473000,12.733000,0.000000
1.114000,1.244000,0.036000,0.275000,19.802000,6.046000,16.916000,0.000000
1.123000,1.172000,0.052000,0.234000,22.733000,11.863000,16.489000,0.000000
1.139000,1.101000,0.069000,0.216000,21.939000,15.115000,16.412000,0.000000
1.146000,1.015000,0.040000,0.204000,15.817000,16.992000,15.344000,0.000000
1.158000,0.965000,-0.006000,0.246000,12.198000,15.008000,9.481000,0.000000
1.166000,0.924000,-0.061000,0.282000,14.137000,10.519000,1.985000,0.000000
1.179000,0.902000,-0.107000,0.332000,18.779000,7.542000,-2.962000,0.000000
1.187000,0.885000,-0.117000,0.371000,24.718000,8.702000,-3.038000,0.000000
1.199000,0.852000,-0.097000,0.358000,30.458000,11.405000,3.450000,0.000000
1.211000,0.825000,-0.033000,0.312000,33.008000,18.412000,15.634000,0.000000
1.228000,0.855000,0.112000,0.239000,28.458000,30.641000,35.450000,0.000000
