DeltaTime_s,AccelX,AccelY,AccelZ,GyroX,GyroY,GyroZ,Temp
0.000000,1.002000,0.108000,-0.012000,-1.160000,-3.786000,-2.977000,0.000000
0.016000,1.009000,0.104000,-0.029000,-3.298000,-3.527000,-3.634000,0.000000
0.036000,1.028000,0.078000,-0.028000,-3.740000,-1.893000,-1.282000,0.000000
0.043000,1.063000,0.094000,-0.023000,-1.969000,-1.084000,-0.718000,0.000000
0.055000,1.086000,0.109000,-0.043000,0.260000,-0.092000,-4.076000,0.000000
0.063000,1.103000,0.137000,-0.053000,0.427000,1.985000,-8.885000,0.000000
0.074000,1.116000,0.146000,-0.075000,-0.977000,3.649000,-13.924000,0.000000
0.078000,1.117000,0.145000,-0.090000,-1.588000,2.595000,-17.740000,0.000000
0.094000,1.109000,0.130000,-0.094000,-3.328000,2.534000,-20.153000,0.000000
0.104000,1.117000,0.118000,-0.108000,-4.076000,5.542000,-19.756000,0.000000
0.113000,1.083000,0.105000,-0.114000,-5.069000,8.718000,-16.672000,0.000000
0.127000,1.058000,0.114000,-0.140000,-5.695000,10.702000,-11.221000,0.000000
0.145000,1.035000,0.121000,-0.159000,-6.321000,10.137000,-0.947000,0.000000
0.154000,1.082000,0.145000,-0.148000,-6.214000,7.527000,-2.107000,0.000000
0.161000,1.094000,0.157000,-0.161000,-6.046000,5.405000,-4.489000,0.000000
0.172000,1.101000,0.181000,-0.156000,-7.740000,7.023000,-5.450000,0.000000
0.184000,1.114000,0.210000,-0.156000,-12.885000,12.412000,-2.061000,0.000000
0.194000,1.104000,0.177000,-0.168000,-19.450000,16.092000,1.130000,0.000000
0.203000,1.077000,0.143000,-0.152000,-23.389000,18.397000,-0.412000,0.000000
0.211000,1.071000,0.095000,-0.148000,-23.618000,14.672000,-4.504000,0.000000
0.217000,1.057000,0.067000,-0.138000,-20.015000,10.229000,-10.305000,0.000000
0.234000,1.051000,0.062000,-0.118000,-17.771000,7.313000,-15.481000,0.000000
0.242000,1.043000,0.076000,-0.091000,-19.771000,7.313000,-16.458000,0.000000
0.251000,1.043000,0.070000,-0.059000,-25.145000,11.176000,-12.168000,0.000000
0.261000,1.037000,0.059000,-0.033000,-30.840000,17.618000,-4.489000,0.000000
0.268000,1.038000,0.032000,-0.015000,-31.969000,20.489000,0.656000,0.000000
0.284000,1.039000,0.021000,-0.001000,-27.832000,20.031000,0.702000,0.000000
0.292000,1.039000,0.031000,0.002000,-20.550000,18.214000,-2.137000,0.000000
0.301000,1.066000,0.057000,0.000000,-13.832000,19.084000,-6.305000,0.000000
0.311000,1.061000,0.065000,-0.021000,-10.260000,20.840000,-9.649000,0.000000
0.320000,1.051000,0.094000,-0.033000,-9.252000,22.901000,-8.840000,0.000000
0.335000,1.028000,0.132000,-0.026000,-11.420000,24.565000,-3.786000,0.000000
0.342000,1.014000,0.137000,-0.021000,-15.023000,27.450000,-1.450000,0.000000
0.350000,1.040000,0.130000,0.000000,-15.008000,29.435000,-2.809000,0.000000
0.361000,1.024000,0.113000,-0.003000,-9.481000,29.420000,-7.985000,0.000000
0.375000,1.040000,0.147000,-0.005000,-7.725000,29.725000,-12.779000,0.000000
0.378000,0.990000,0.136000,-0.024000,-7.878000,28.580000,-15.389000,0.000000
0.394000,0.968000,0.141000,-0.025000,-10.748000,27.969000,-12.260000,0.000000
0.399000,0.989000,0.126000,-0.012000,-13.893000,29.298000,-7.740000,0.000000
0.411000,1.033000,0.127000,0.003000,-12.412000,30.412000,-8.885000,0.000000
0.425000,1.075000,0.153000,0.009000,-9.405000,32.489000,-14.031000,0.000000
0.432000,1.068000,0.169000,-0.006000,-8.244000,35.969000,-19.008000,0.000000
0.444000,1.037000,0.166000,0.002000,-11.298000,38.855000,-21.084000,0.000000
0.452000,1.007000,0.108000,0.047000,-14.931000,40.427000,-25.282000,0.000000
0.463000,0.938000,0.074000,0.100000,-13.863000,39.008000,-29.328000,0.000000
0.471000,0.898000,0.065000,0.135000,-11.573000,40.122000,-24.198000,0.000000
0.493000,0.763000,0.092000,0.083000,-8.748000,41.939000,-10.565000,0.000000
0.511000,0.644000,0.169000,0.042000,-3.252000,23.008000,1.695000,0.000000
0.518000,0.745000,0.264000,0.094000,-10.153000,17.573000,11.740000,0.000000
0.527000,0.813000,0.268000,0.131000,-16.504000,14.031000,13.634000,0.000000
0.544000,0.885000,0.246000,0.147000,-20.718000,9.160000,7.481000,0.000000
0.561000,0.921000,0.191000,0.177000,-15.603000,-5.481000,-11.756000,0.000000
0.567000,0.940000,0.177000,0.201000,-13.221000,-8.565000,-13.939000,0.000000
0.583000,0.960000,0.151000,0.219000,-12.718000,-10.962000,-12.595000,0.000000
0.592000,0.985000,0.123000,0.253000,-11.634000,-12.412000,-11.954000,0.000000
0.599000,1.012000,0.102000,0.272000,-10.779000,-11.282000,-7.664000,0.000000
0.610000,1.032000,0.102000,0.265000,-6.931000,-9.969000,-3.664000,0.000000
0.623000,1.021000,0.158000,0.243000,-4.611000,-9.053000,2.885000,0.000000
0.631000,1.020000,0.186000,0.225000,-5.481000,-7.771000,5.771000,0.000000
0.640000,1.012000,0.194000,0.219000,-5.817000,-6.656000,6.656000,0.000000
0.648000,1.021000,0.200000,0.205000,-6.656000,-6.763000,3.847000,0.000000
0.664000,1.057000,0.179000,0.216000,-1.649000,-9.847000,-4.015000,0.000000
0.672000,1.100000,0.162000,0.205000,4.321000,-12.122000,-12.687000,0.000000
0.680000,1.121000,0.132000,0.219000,12.351000,-13.420000,-19.679000,0.000000
0.694000,1.158000,0.163000,0.224000,16.183000,-11.832000,-16.931000,0.000000
0.706000,1.177000,0.156000,0.240000,16.794000,-4.656000,-0.992000,0.000000
0.728000,1.119000,0.174000,0.221000,5.817000,14.947000,17.069000,0.000000
0.745000,1.055000,0.208000,0.200000,4.229000,17.008000,16.794000,0.000000
0.752000,0.976000,0.220000,0.176000,2.229000,15.649000,11.832000,0.000000
0.761000,0.911000,0.218000,0.164000,2.427000,11.634000,5.939000,0.000000
0.769000,0.855000,0.222000,0.143000,2.611000,5.710000,0.840000,0.000000
0.785000,0.824000,0.194000,0.146000,-0.366000,0.366000,-0.672000,0.000000
0.794000,0.836000,0.181000,0.161000,-3.908000,-2.672000,1.878000,0.000000
0.802000,0.851000,0.135000,0.182000,-7.069000,-4.595000,7.221000,0.000000
0.811000,0.896000,0.094000,0.186000,-6.519000,-6.870000,8.977000,0.000000
0.825000,0.938000,0.123000,0.189000,-2.321000,-9.298000,11.588000,0.000000
0.844000,0.988000,0.240000,0.181000,-1.954000,-9.206000,13.023000,0.000000
0.864000,0.908000,0.240000,0.137000,-7.817000,-19.481000,-3.267000,0.000000
0.874000,0.874000,0.207000,0.153000,-14.412000,-27.267000,-9.756000,0.000000
0.882000,0.887000,0.149000,0.195000,-22.687000,-32.550000,-13.634000,0.000000
0.894000,0.904000,0.052000,0.221000,-25.603000,-39.084000,-23.878000,0.000000
0.899000,0.903000,-0.049000,0.248000,-26.763000,-47.267000,-33.023000,0.000000
0.913000,0.932000,-0.181000,0.333000,-25.115000,-52.351000,-39.084000,0.000000
0.923000,0.950000,-0.310000,0.419000,-20.611000,-52.595000,-31.863000,0.000000
0.933000,0.930000,-0.402000,0.521000,-7.603000,-40.229000,-12.290000,0.000000
0.945000,0.900000,-0.440000,0.508000,10.412000,-29.573000,9.496000,0.000000
0.964000,0.972000,-0.253000,0.482000,42.412000,-10.519000,41.176000,0.000000
0.984000,0.950000,0.013000,0.326000,59.832000,-4.733000,31.542000,0.000000
0.994000,0.950000,0.112000,0.290000,55.863000,-5.023000,21.786000,0.000000
1.016000,1.011000,0.165000,0.333000,51.649000,1.191000,3.130000,0.000000
1.028000,0.980000,0.271000,0.266000,47.756000,9.405000,-4.458000,0.000000
1.039000,0.951000,0.301000,0.247000,42.733000,10.565000,-7.695000,0.000000
1.053000,0.946000,0.338000,0.255000,32.366000,12.824000,-6.824000,0.000000
1.062000,0.970000,0.347000,0.302000,22.931000,15.786000,-7.298000,0.000000
1.075000,0.990000,0.361000,0.348000,15.496000,19.053000,-11.557000,0.000000
1.080000,0.953000,0.350000,0.333000,10.901000,19.557000,-19.603000,0.000000
1.094000,0.913000,0.342000,0.306000,5.725000,18.000000,-26.718000,0.000000
1.106000,0.885000,0.313000,0.290000,1.191000,15.756000,-30.244000,0.000000
1.126000,0.915000,0.278000,0.288000,-14.122000,12.046000,-26.504000,0.000000
1.133000,0.946000,0.238000,0.319000,-20.229000,13.603000,-23.084000,0.000000
