DeltaTime_s,AccelX,AccelY,AccelZ,GyroX,GyroY,GyroZ,Temp
0.000000,1.041000,0.009000,-0.018000,-1.679000,2.855000,-4.076000,0.000000
0.012000,1.048000,0.009000,-0.009000,-5.099000,4.763000,-1.374000,0.000000
0.028000,1.053000,0.006000,0.007000,-6.794000,7.878000,-0.122000,0.000000
0.038000,1.041000,0.007000,0.000000,-6.733000,7.954000,-0.672000,0.000000
0.050000,1.027000,0.004000,0.002000,-7.084000,8.092000,-1.160000,0.000000
0.069000,1.043000,0.028000,-0.014000,-8.244000,7.649000,-3.603000,0.000000
0.077000,1.057000,0.011000,0.006000,-6.366000,7.023000,-6.504000,0.000000
0.086000,1.068000,-0.015000,0.030000,-3.756000,7.603000,-11.313000,0.000000
0.097000,1.073000,-0.003000,0.045000,-0.443000,8.382000,-16.366000,0.000000
0.110000,1.059000,0.006000,0.043000,2.229000,10.061000,-20.595000,0.000000
0.118000,1.046000,0.011000,0.035000,5.069000,11.405000,-22.779000,0.000000
0.127000,1.026000,0.024000,0.028000,3.603000,11.832000,-23.160000,0.000000
0.143000,1.009000,0.025000,0.016000,1.664000,10.412000,-21.771000,0.000000
0.161000,0.998000,0.031000,0.025000,-1.344000,8.076000,-16.641000,0.000000
0.169000,1.023000,0.046000,0.022000,-1.908000,7.405000,-14.336000,0.000000
0.176000,1.024000,0.058000,0.022000,-3.206000,8.672000,-12.977000,0.000000
0.189000,1.017000,0.056000,0.019000,-5.160000,10.351000,-11.542000,0.000000
0.201000,1.017000,0.042000,0.006000,-6.229000,10.458000,-11.710000,0.000000
0.209000,1.022000,0.031000,-0.001000,-5.649000,9.969000,-11.939000,0.000000
0.220000,1.034000,0.029000,0.006000,-5.176000,9.924000,-12.137000,0.000000
0.233000,1.029000,0.010000,0.013000,-2.153000,8.947000,-13.603000,0.000000
0.252000,1.028000,0.028000,0.009000,2.031000,8.061000,-14.962000,0.000000
0.267000,1.026000,0.028000,-0.005000,3.099000,8.397000,-13.695000,0.000000
0.291000,1.040000,0.054000,-0.012000,-0.733000,15.069000,-9.450000,0.000000
0.308000,1.014000,0.062000,-0.014000,-5.145000,23.008000,-8.260000,0.000000
0.317000,0.994000,0.055000,-0.007000,-5.985000,26.183000,-8.107000,0.000000
0.331000,0.956000,0.039000,-0.012000,-5.664000,27.038000,-8.794000,0.000000
0.343000,0.897000,0.029000,-0.012000,-1.313000,21.511000,-11.389000,0.000000
0.361000,0.864000,0.043000,-0.022000,5.664000,11.466000,-11.679000,0.000000
0.367000,0.847000,0.058000,-0.027000,7.878000,3.878000,-10.565000,0.000000
0.375000,0.831000,0.065000,-0.043000,7.405000,-3.679000,-7.481000,0.000000
0.383000,0.838000,0.077000,-0.044000,5.832000,-12.458000,-4.489000,0.000000
0.401000,0.891000,0.098000,-0.031000,1.817000,-19.176000,-3.038000,0.000000
0.409000,0.979000,0.103000,0.013000,-0.366000,-20.275000,-3.130000,0.000000
0.420000,1.045000,0.085000,0.012000,-2.550000,-17.511000,-5.328000,0.000000
0.433000,1.103000,0.078000,0.040000,-5.008000,-13.603000,-6.015000,0.000000
0.452000,1.115000,0.057000,0.053000,-4.534000,-5.939000,-3.863000,0.000000
0.461000,1.125000,0.055000,0.030000,-8.366000,-4.229000,-3.160000,0.000000
0.468000,1.101000,0.034000,0.032000,-6.916000,0.519000,1.145000,0.000000
0.480000,1.088000,0.031000,0.021000,-7.145000,4.718000,5.756000,0.000000
0.492000,1.073000,0.009000,-0.000000,-6.031000,7.206000,8.504000,0.000000
0.497000,1.060000,0.015000,-0.013000,-6.733000,9.023000,12.000000,0.000000
0.509000,1.065000,-0.003000,-0.010000,-5.527000,11.527000,16.611000,0.000000
0.518000,1.064000,0.007000,-0.018000,-3.634000,9.298000,20.275000,0.000000
0.525000,1.106000,0.013000,-0.003000,-2.656000,6.534000,18.198000,0.000000
0.541000,1.127000,0.050000,0.016000,-2.748000,6.427000,12.870000,0.000000
0.550000,1.118000,0.068000,0.031000,-3.542000,5.374000,7.618000,0.000000
0.558000,1.132000,0.087000,0.037000,-5.969000,4.748000,3.038000,0.000000
0.567000,1.105000,0.073000,0.037000,-5.038000,2.809000,-0.702000,0.000000
0.583000,1.094000,0.070000,0.057000,-3.496000,3.282000,-9.191000,0.000000
0.584000,1.059000,0.051000,0.042000,-1.756000,3.359000,-11.664000,0.000000
0.601000,1.030000,0.036000,0.023000,-1.771000,1.969000,-9.389000,0.000000
0.609000,1.023000,0.016000,0.031000,-3.038000,4.061000,-5.893000,0.000000
0.618000,1.004000,0.053000,-0.052000,-0.458000,-1.771000,-4.977000,0.000000
0.624000,1.019000,0.051000,0.017000,-6.397000,6.977000,2.626000,0.000000
0.640000,1.063000,0.075000,0.030000,-9.145000,11.466000,5.130000,0.000000
0.648000,1.071000,0.084000,0.045000,-10.992000,14.046000,5.802000,0.000000
0.656000,1.074000,0.090000,0.068000,-10.870000,14.901000,3.511000,0.000000
0.673000,1.042000,0.063000,0.062000,-8.046000,12.641000,-1.939000,0.000000
0.690000,0.951000,0.064000,0.051000,-4.382000,3.328000,-10.687000,0.000000
0.709000,0.964000,0.030000,0.071000,-9.344000,1.588000,-6.489000,0.000000
0.716000,0.960000,0.046000,0.070000,-9.145000,4.000000,-2.779000,0.000000
0.730000,0.968000,0.060000,0.057000,-10.672000,5.634000,1.679000,0.000000
0.739000,0.987000,0.075000,0.076000,-12.260000,9.435000,6.275000,0.000000
0.747000,0.969000,0.058000,0.075000,-12.534000,11.893000,9.313000,0.000000
0.756000,0.964000,0.060000,0.051000,-13.084000,13.344000,12.275000,0.000000
0.764000,0.952000,0.055000,0.050000,-14.061000,13.099000,13.084000,0.000000
0.784000,0.967000,0.061000,0.065000,-13.893000,9.969000,12.336000,0.000000
0.803000,0.972000,0.055000,0.066000,-14.901000,6.015000,8.702000,0.000000
0.811000,1.033000,0.067000,0.083000,-14.931000,2.321000,4.137000,0.000000
0.823000,1.044000,0.045000,0.088000,-13.435000,1.664000,-1.527000,0.000000
0.832000,1.069000,0.034000,0.086000,-13.924000,2.580000,-3.939000,0.000000
0.842000,1.064000,-0.002000,0.094000,-16.916000,6.366000,-2.427000,0.000000
0.850000,1.048000,-0.033000,0.088000,-17.237000,9.679000,-1.298000,0.000000
0.856000,1.040000,-0.067000,0.107000,-13.206000,10.565000,-2.947000,0.000000
0.874000,1.017000,-0.066000,0.113000,-8.870000,12.076000,-4.046000,0.000000
0.893000,0.967000,-0.016000,0.103000,-1.573000,14.504000,2.870000,0.000000
0.901000,0.963000,0.014000,0.094000,1.374000,16.962000,6.962000,0.000000
0.911000,0.940000,0.060000,0.064000,2.580000,16.885000,9.084000,0.000000
0.920000,0.930000,0.092000,0.041000,-0.534000,16.382000,11.863000,0.000000
0.931000,0.964000,0.105000,0.064000,-5.649000,14.565000,10.534000,0.000000
0.942000,1.015000,0.107000,0.068000,-9.649000,11.924000,2.794000,0.000000
0.952000,1.029000,0.090000,0.073000,-11.832000,9.695000,-6.443000,0.000000
0.959000,1.013000,0.041000,0.072000,-11.695000,7.756000,-14.122000,0.000000
0.968000,1.029000,0.021000,0.083000,-11.496000,7.847000,-18.565000,0.000000
0.976000,1.011000,-0.021000,0.112000,-8.321000,7.023000,-21.496000,0.000000
0.984000,0.982000,-0.021000,0.104000,-5.267000,8.275000,-17.893000,0.000000
1.000000,0.944000,-0.042000,0.104000,-3.023000,10.611000,-9.145000,0.000000
1.009000,0.923000,-0.020000,0.088000,-2.351000,13.252000,1.771000,0.000000
1.016000,0.926000,0.012000,0.096000,-1.588000,15.252000,8.183000,0.000000
1.025000,0.893000,0.041000,0.059000,-0.916000,12.687000,11.023000,0.000000
1.042000,0.906000,0.088000,0.042000,-4.626000,10.214000,11.160000,0.000000
1.050000,0.889000,0.110000,0.025000,-8.824000,7.115000,6.305000,0.000000
1.062000,0.921000,0.115000,0.016000,-12.198000,2.336000,-0.015000,0.000000
1.069000,0.963000,0.111000,0.072000,-14.351000,-2.885000,-8.015000,0.000000
1.082000,0.970000,0.061000,0.094000,-14.565000,-8.061000,-16.061000,0.000000
1.093000,0.982000,0.006000,0.112000,-12.656000,-13.130000,-19.405000,0.000000
1.100000,0.997000,-0.031000,0.157000,-11.725000,-14.718000,-18.504000,0.000000
1.112000,0.978000,-0.067000,0.180000,-8.947000,-13.267000,-12.183000,0.000000
1.118000,0.969000,-0.062000,0.175000,-9.298000,-10.046000,-2.076000,0.000000
