DeltaTime_s,AccelX,AccelY,AccelZ,GyroX,GyroY,GyroZ,Temp
0.000000,1.117000,0.147000,0.403000,-4.290000,-50.489000,30.687000,0.000000
0.001000,1.052000,0.201000,0.360000,-7.389000,-47.985000,43.099000,0.000000
0.001000,1.028000,0.223000,0.302000,-16.870000,-49.420000,55.496000,0.000000
0.002000,1.087000,0.180000,0.305000,-23.053000,-51.893000,60.382000,0.000000
0.002000,1.168000,0.166000,0.315000,-25.313000,-52.718000,56.198000,0.000000
0.003000,1.234000,0.136000,0.341000,-25.679000,-53.053000,45.267000,0.000000
0.003000,1.241000,0.072000,0.353000,-24.519000,-51.252000,35.069000,0.000000
0.004000,1.242000,0.014000,0.350000,-22.656000,-48.214000,30.351000,0.000000
0.004000,1.264000,-0.018000,0.353000,-19.511000,-44.229000,26.947000,0.000000
0.005000,1.260000,-0.052000,0.358000,-16.107000,-39.847000,26.916000,0.000000
0.006000,1.249000,-0.063000,0.354000,-12.702000,-34.824000,27.252000,0.000000
0.007000,1.211000,-0.055000,0.340000,-9.969000,-30.458000,29.573000,0.000000
0.007000,1.184000,-0.042000,0.326000,-7.634000,-27.344000,32.550000,0.000000
0.008000,1.139000,-0.015000,0.283000,-6.702000,-25.237000,35.405000,0.000000
0.008000,1.147000,0.026000,0.272000,-7.206000,-24.672000,36.382000,0.000000
0.009000,1.147000,0.037000,0.252000,-7.496000,-24.550000,34.611000,0.000000
0.009000,1.218000,-0.031000,0.289000,-5.374000,-25.374000,27.435000,0.000000
0.010000,1.191000,-0.030000,0.273000,-6.214000,-22.168000,20.916000,0.000000
0.010000,1.152000,0.040000,0.250000,-3.435000,-20.870000,24.534000,0.000000
0.010000,1.151000,0.051000,0.221000,-6.168000,-18.397000,24.580000,0.000000
0.011000,1.129000,0.023000,0.213000,-8.061000,-15.924000,26.229000,0.000000
0.011000,1.124000,-0.016000,0.196000,-5.786000,-14.061000,25.374000,0.000000
0.012000,1.134000,-0.014000,0.186000,-1.267000,-13.344000,21.115000,0.000000
0.012000,1.160000,0.026000,0.201000,2.321000,-11.649000,16.611000,0.000000
0.013000,1.181000,0.040000,0.174000,2.977000,-8.855000,11.725000,0.000000
0.013000,1.176000,0.028000,0.173000,4.412000,-7.496000,5.435000,0.000000
0.013000,1.159000,0.029000,0.167000,5.160000,-6.550000,1.832000,0.000000
0.014000,1.133000,0.011000,0.161000,4.504000,-4.962000,2.122000,0.000000
0.014000,1.141000,0.008000,0.162000,2.214000,-2.550000,6.260000,0.000000
0.015000,1.168000,-0.051000,0.190000,3.145000,1.573000,8.351000,0.000000
0.015000,1.114000,-0.067000,0.156000,7.557000,4.122000,6.763000,0.000000
0.015000,1.115000,-0.054000,0.164000,10.687000,5.466000,7.206000,0.000000
0.016000,1.113000,-0.040000,0.174000,12.427000,8.031000,8.168000,0.000000
0.016000,1.076000,-0.061000,0.183000,14.427000,9.924000,7.542000,0.000000
0.017000,1.038000,-0.046000,0.176000,16.092000,10.015000,6.855000,0.000000
0.017000,1.038000,-0.028000,0.175000,17.084000,11.252000,7.893000,0.000000
0.018000,1.023000,-0.001000,0.160000,17.221000,11.282000,4.122000,0.000000
0.018000,1.055000,0.040000,0.173000,16.824000,10.779000,-0.427000,0.000000
0.018000,1.051000,0.056000,0.174000,14.519000,9.847000,-5.817000,0.000000
0.019000,1.082000,0.028000,0.197000,13.221000,8.870000,-11.252000,0.000000
0.019000,1.031000,-0.044000,0.205000,13.328000,6.473000,-15.481000,0.000000
0.019000,1.078000,-0.086000,0.251000,17.221000,6.107000,-18.427000,0.000000
0.020000,1.119000,-0.107000,0.278000,22.870000,9.496000,-22.107000,0.000000
0.020000,1.123000,-0.093000,0.278000,31.344000,14.397000,-27.832000,0.000000
0.020000,1.121000,-0.049000,0.275000,41.221000,20.031000,-36.092000,0.000000
0.021000,1.062000,0.028000,0.234000,52.412000,23.405000,-49.588000,0.000000
0.021000,0.992000,0.133000,0.159000,55.145000,21.298000,-61.954000,0.000000
0.022000,0.945000,0.173000,0.143000,50.977000,19.023000,-62.336000,0.000000
0.022000,0.928000,0.173000,0.137000,44.229000,16.855000,-58.198000,0.000000
0.022000,0.899000,0.138000,0.168000,41.191000,13.313000,-51.389000,0.000000
0.023000,0.917000,0.147000,0.195000,40.107000,13.145000,-46.718000,0.000000
0.023000,0.902000,0.169000,0.199000,39.466000,13.527000,-43.802000,0.000000
0.023000,0.878000,0.213000,0.178000,-12.901000,-48.473000,-74.122000,0.000000
0.024000,3.488000,0.566000,0.729000,-47.053000,-12.656000,-29.725000,0.000000
0.024000,3.714000,0.443000,0.796000,-60.183000,44.443000,32.198000,0.000000
0.024000,3.615000,0.415000,0.702000,-55.863000,95.817000,60.382000,0.000000
0.025000,3.331000,0.503000,0.567000,-47.481000,135.237000,60.137000,0.000000
0.025000,2.983000,0.609000,0.390000,-44.641000,160.550000,48.260000,0.000000
0.026000,2.648000,0.589000,0.267000,-44.672000,178.763000,26.580000,0.000000
0.026000,2.226000,0.489000,0.156000,-44.458000,189.618000,-0.198000,0.000000
0.026000,1.766000,0.284000,0.039000,-39.802000,196.763000,-17.756000,0.000000
0.027000,1.292000,0.158000,-0.036000,-33.527000,198.366000,-17.053000,0.000000
0.027000,0.847000,0.098000,-0.081000,-26.244000,194.641000,-18.412000,0.000000
0.027000,0.513000,0.063000,-0.104000,-17.359000,188.733000,-13.588000,0.000000
0.028000,0.240000,0.045000,-0.153000,-9.206000,182.885000,-10.595000,0.000000
0.028000,-0.128000,0.034000,-0.253000,-5.863000,172.840000,4.107000,0.000000
0.028000,-0.413000,0.031000,-0.315000,-6.931000,158.855000,32.595000,0.000000
0.029000,-0.588000,0.065000,-0.326000,-11.695000,142.763000,61.969000,0.000000
0.029000,-0.726000,0.074000,-0.345000,-16.565000,124.183000,83.908000,0.000000
0.029000,-0.779000,0.072000,-0.319000,-18.489000,102.198000,94.611000,0.000000
0.030000,-0.709000,0.081000,-0.268000,-13.557000,81.206000,83.618000,0.000000
0.030000,-0.676000,0.122000,-0.277000,-6.519000,60.580000,61.008000,0.000000
0.030000,-0.685000,0.213000,-0.277000,-9.374000,40.092000,50.351000,0.000000
0.031000,-0.617000,0.234000,-0.218000,-16.305000,23.374000,41.695000,0.000000
0.031000,-0.610000,0.184000,-0.210000,-19.573000,7.160000,30.519000,0.000000
0.031000,-0.581000,0.173000,-0.189000,-21.817000,-9.939000,23.634000,0.000000
0.031000,-0.452000,0.222000,-0.134000,-28.626000,-25.267000,19.466000,0.000000
0.032000,-0.333000,0.184000,-0.102000,-34.015000,-38.702000,11.160000,0.000000
0.032000,-0.252000,0.109000,-0.072000,-38.305000,-51.405000,-3.053000,0.000000
0.033000,-0.202000,0.027000,-0.045000,-40.870000,-64.321000,-11.374000,0.000000
0.033000,-0.104000,-0.052000,-0.021000,-44.153000,-78.290000,-11.832000,0.000000
0.033000,0.066000,-0.138000,0.056000,-43.786000,-88.687000,-12.061000,0.000000
0.034000,0.211000,-0.196000,0.103000,-40.382000,-95.679000,-13.069000,0.000000
0.034000,0.278000,-0.257000,0.133000,-34.947000,-100.947000,-8.137000,0.000000
0.034000,0.351000,-0.298000,0.174000,-29.863000,-106.947000,2.824000,0.000000
0.034000,0.506000,-0.281000,0.227000,-23.603000,-110.977000,16.305000,0.000000
0.035000,0.717000,-0.299000,0.263000,-15.221000,-111.008000,25.695000,0.000000
0.035000,0.914000,-0.270000,0.283000,0.947000,-108.824000,15.053000,0.000000
0.035000,1.029000,-0.160000,0.293000,15.237000,-105.130000,4.840000,0.000000
0.036000,1.156000,-0.072000,0.330000,24.122000,-100.489000,1.557000,0.000000
0.036000,1.252000,0.038000,0.308000,28.870000,-94.092000,0.748000,0.000000
0.036000,1.253000,0.087000,0.249000,30.794000,-93.496000,0.107000,0.000000
0.037000,1.401000,0.177000,0.271000,29.282000,-89.969000,2.809000,0.000000
0.037000,1.550000,0.233000,0.305000,27.542000,-83.771000,1.786000,0.000000
0.037000,1.655000,0.315000,0.308000,24.137000,-73.756000,-4.412000,0.000000
0.038000,1.670000,0.323000,0.329000,19.634000,-62.580000,-9.832000,0.000000
0.038000,1.599000,0.300000,0.335000,17.573000,-52.565000,-16.504000,0.000000
0.038000,1.496000,0.232000,0.311000,18.107000,-48.504000,-19.771000,0.000000
0.039000,1.493000,0.278000,0.310000,20.092000,-44.473000,-19.023000,0.000000
0.039000,1.473000,0.300000,0.307000,18.779000,-39.527000,-14.443000,0.000000
