DeltaTime_s,AccelX,AccelY,AccelZ,GyroX,GyroY,GyroZ,Temp
0.000000,1.018000,-0.031000,0.059000,-4.595000,3.511000,1.084000,0.000000
0.016000,0.993000,-0.000000,0.039000,-3.405000,5.099000,-1.786000,0.000000
0.032000,0.976000,-0.008000,0.043000,-3.466000,5.557000,-2.916000,0.000000
0.048000,0.965000,-0.017000,0.043000,-3.160000,4.183000,-3.328000,0.000000
0.058000,0.967000,-0.013000,0.049000,-3.435000,2.779000,-2.672000,0.000000
0.071000,0.962000,0.001000,0.034000,-3.832000,1.038000,-1.832000,0.000000
0.077000,0.965000,0.021000,0.029000,-6.092000,0.275000,-2.046000,0.000000
0.091000,0.962000,0.018000,0.025000,-8.015000,-1.069000,-3.649000,0.000000
0.103000,0.965000,-0.001000,0.043000,-7.435000,-3.450000,-5.359000,0.000000
0.122000,0.990000,-0.029000,0.052000,-8.260000,-6.397000,-7.435000,0.000000
0.131000,0.995000,-0.053000,0.052000,-6.626000,-8.137000,-7.481000,0.000000
0.142000,1.007000,-0.068000,0.062000,-5.450000,-7.313000,-6.458000,0.000000
0.151000,1.023000,-0.079000,0.070000,-4.351000,-5.176000,-5.695000,0.000000
0.160000,1.030000,-0.074000,0.082000,-2.122000,-3.985000,-3.496000,0.000000
0.173000,1.041000,-0.062000,0.069000,-0.076000,-3.084000,-2.748000,0.000000
0.180000,1.026000,-0.025000,0.051000,-0.351000,-2.931000,-2.183000,0.000000
0.192000,1.016000,0.007000,0.024000,-2.687000,-3.206000,-0.779000,0.000000
0.198000,1.029000,0.030000,0.031000,-6.504000,-3.130000,0.214000,0.000000
0.207000,1.041000,0.019000,0.039000,-9.298000,-4.290000,-0.916000,0.000000
0.214000,1.052000,0.008000,0.038000,-9.847000,-4.183000,-4.031000,0.000000
0.230000,1.064000,0.000000,0.041000,-11.542000,-2.641000,-7.359000,0.000000
0.238000,1.054000,-0.030000,0.049000,-12.214000,-2.763000,-10.137000,0.000000
0.246000,1.065000,-0.058000,0.069000,-12.061000,-3.557000,-11.420000,0.000000
0.262000,1.058000,-0.093000,0.088000,-9.802000,-3.817000,-11.679000,0.000000
0.270000,1.042000,-0.103000,0.091000,-7.664000,-3.328000,-11.557000,0.000000
0.280000,1.030000,-0.116000,0.098000,-5.771000,-3.008000,-8.550000,0.000000
0.287000,1.022000,-0.068000,0.075000,-5.725000,0.321000,-2.611000,0.000000
0.301000,1.008000,-0.032000,0.057000,-8.260000,1.908000,2.031000,0.000000
0.307000,1.025000,-0.005000,0.045000,-9.176000,2.336000,2.565000,0.000000
0.321000,1.014000,0.014000,0.038000,-9.908000,1.542000,1.160000,0.000000
0.329000,1.011000,0.024000,0.029000,-12.473000,0.595000,-2.473000,0.000000
0.341000,1.010000,0.027000,0.033000,-15.252000,0.641000,-3.771000,0.000000
0.351000,1.018000,0.012000,0.022000,-19.496000,0.183000,-5.573000,0.000000
0.361000,1.041000,-0.021000,0.055000,-20.840000,0.031000,-6.947000,0.000000
0.372000,1.047000,-0.044000,0.060000,-20.840000,-0.061000,-8.855000,0.000000
0.376000,1.047000,-0.058000,0.059000,-19.786000,-0.107000,-9.634000,0.000000
0.390000,1.036000,-0.065000,0.060000,-18.305000,0.061000,-9.557000,0.000000
0.399000,1.018000,-0.048000,0.037000,-17.969000,0.763000,-7.771000,0.000000
0.411000,1.003000,-0.030000,0.019000,-20.443000,2.321000,-5.038000,0.000000
0.416000,0.990000,-0.027000,0.022000,-22.198000,3.313000,-1.847000,0.000000
0.430000,0.981000,-0.041000,0.031000,-21.954000,2.458000,-1.084000,0.000000
0.440000,1.012000,-0.049000,0.032000,-22.214000,0.947000,-0.885000,0.000000
0.449000,1.053000,-0.038000,0.034000,-22.504000,3.344000,-0.702000,0.000000
0.462000,1.067000,-0.052000,0.056000,-22.748000,6.595000,-1.282000,0.000000
0.469000,1.073000,-0.048000,0.061000,-22.962000,8.824000,-5.206000,0.000000
0.482000,1.063000,-0.057000,0.068000,-22.733000,10.168000,-8.443000,0.000000
0.488000,1.055000,-0.073000,0.066000,-20.260000,13.450000,-12.763000,0.000000
0.501000,1.021000,-0.047000,0.047000,-19.420000,16.748000,-14.870000,0.000000
0.507000,0.975000,-0.069000,0.046000,-19.176000,19.023000,-15.603000,0.000000
0.513000,0.937000,-0.083000,0.055000,-15.817000,19.481000,-15.939000,0.000000
0.532000,0.922000,-0.082000,0.062000,-14.489000,17.969000,-15.878000,0.000000
0.538000,0.906000,-0.060000,0.026000,-11.740000,13.557000,-13.252000,0.000000
0.551000,0.913000,-0.006000,0.015000,-13.374000,10.183000,-9.099000,0.000000
0.562000,0.955000,-0.016000,0.022000,-16.870000,9.954000,-3.771000,0.000000
0.570000,0.967000,-0.009000,0.013000,-18.489000,8.153000,-2.885000,0.000000
0.581000,0.991000,-0.033000,0.031000,-19.588000,6.031000,-3.527000,0.000000
0.590000,1.029000,-0.051000,0.041000,-20.290000,6.122000,-5.359000,0.000000
0.600000,1.017000,-0.079000,0.051000,-18.092000,4.336000,-7.466000,0.000000
0.607000,1.058000,-0.075000,0.062000,-17.481000,5.756000,-10.962000,0.000000
0.618000,1.052000,-0.097000,0.067000,-17.725000,6.305000,-14.809000,0.000000
0.626000,1.074000,-0.099000,0.080000,-15.924000,6.397000,-19.679000,0.000000
0.641000,1.054000,-0.108000,0.066000,-13.908000,6.916000,-21.786000,0.000000
0.652000,1.024000,-0.111000,0.073000,-15.023000,1.863000,-26.641000,0.000000
0.660000,1.002000,-0.120000,0.061000,-13.298000,0.626000,-23.924000,0.000000
0.672000,0.978000,-0.127000,0.077000,-12.443000,2.962000,-17.053000,0.000000
0.678000,0.979000,-0.135000,0.097000,-12.000000,2.214000,-12.061000,0.000000
0.691000,0.996000,-0.119000,0.101000,-5.023000,0.382000,-9.573000,0.000000
0.701000,1.001000,-0.100000,0.097000,-4.260000,-1.038000,-8.595000,0.000000
0.710000,1.038000,-0.057000,0.086000,-2.290000,0.366000,-9.939000,0.000000
0.717000,1.036000,-0.035000,0.059000,-0.015000,1.069000,-10.840000,0.000000
0.730000,1.034000,-0.018000,0.060000,0.305000,0.137000,-16.687000,0.000000
0.741000,1.011000,-0.016000,0.047000,3.588000,-3.252000,-21.679000,0.000000
0.748000,1.006000,-0.005000,0.046000,5.878000,-5.847000,-26.702000,0.000000
0.760000,0.988000,-0.001000,0.048000,4.076000,-2.748000,-22.641000,0.000000
0.764000,0.992000,0.013000,0.052000,3.420000,0.382000,-17.695000,0.000000
0.782000,0.986000,0.032000,0.045000,0.656000,3.725000,-10.779000,0.000000
0.787000,0.972000,0.048000,0.041000,-0.840000,2.992000,-6.672000,0.000000
0.799000,0.968000,0.052000,0.037000,-2.794000,-0.305000,-6.519000,0.000000
0.812000,0.986000,0.070000,0.030000,-8.763000,-3.740000,-6.244000,0.000000
0.818000,0.989000,0.063000,0.026000,-14.947000,-8.061000,-8.183000,0.000000
0.832000,1.035000,0.059000,0.029000,-18.947000,-9.954000,-6.763000,0.000000
0.838000,1.060000,0.036000,0.044000,-20.412000,-8.870000,-6.962000,0.000000
0.852000,1.088000,0.005000,0.050000,-20.840000,-7.313000,-6.519000,0.000000
0.858000,1.136000,-0.016000,0.080000,-17.817000,-3.359000,-7.817000,0.000000
0.870000,1.130000,-0.031000,0.071000,-15.756000,-0.779000,-10.244000,0.000000
0.882000,1.121000,-0.029000,0.067000,-13.267000,2.244000,-12.229000,0.000000
0.891000,1.104000,-0.013000,0.049000,-9.847000,1.481000,-16.153000,0.000000
0.902000,1.074000,0.000000,0.051000,-10.748000,6.565000,-14.214000,0.000000
0.910000,1.042000,-0.011000,0.058000,-8.366000,7.603000,-13.511000,0.000000
0.922000,1.035000,0.048000,0.015000,-11.115000,6.885000,-11.954000,0.000000
0.929000,1.038000,0.049000,0.025000,-15.145000,8.855000,-9.130000,0.000000
0.940000,1.047000,0.060000,0.040000,-19.145000,11.832000,-7.740000,0.000000
0.953000,1.026000,0.048000,0.050000,-20.260000,13.344000,-8.748000,0.000000
0.961000,1.041000,0.039000,0.061000,-20.748000,10.977000,-12.244000,0.000000
0.973000,1.051000,0.054000,0.058000,-20.290000,11.069000,-18.229000,0.000000
0.980000,1.044000,0.043000,0.062000,-20.076000,12.473000,-22.412000,0.000000
0.992000,1.021000,0.040000,0.064000,-21.466000,13.664000,-25.603000,0.000000
1.000000,0.942000,0.020000,0.034000,-19.374000,10.443000,-29.069000,0.000000
1.011000,0.957000,0.029000,0.051000,-20.977000,12.137000,-25.649000,0.000000
1.023000,0.951000,0.044000,0.047000,-20.550000,11.053000,-23.985000,0.000000
