DeltaTime_s,AccelX,AccelY,AccelZ,GyroX,GyroY,GyroZ,Temp
0.000000,-0.676,0.337,-1.085,-22.916,99.527,-12.321,30.69
0.012025,-0.676,0.427,-1.008,-24.977,67.511,-24.672,30.74
0.019192,-0.622,0.453,-0.948,-19.450,39.374,-34.595,30.60
0.031352,-0.537,0.470,-0.931,-27.527,20.962,-41.359,30.65
0.038900,-0.465,0.486,-0.957,-30.550,21.450,-37.206,30.74
0.050431,-0.346,0.509,-0.973,-34.290,54.901,-41.313,30.69
0.057437,-0.252,0.476,-1.101,-34.290,103.679,-49.847,30.74
0.069576,-0.028,0.469,-1.228,-29.893,148.458,-55.573,30.69
0.081366,-0.009,0.502,-1.283,-27.573,164.992,-38.702,30.65
0.088829,-0.100,0.205,-1.268,-18.198,150.992,-25.649,30.74
0.100647,0.004,0.512,-1.271,19.557,106.855,-31.832,30.79
0.107899,-0.039,0.396,-1.084,36.702,74.015,-44.137,30.74
0.120206,0.055,0.370,-0.932,46.687,27.939,-58.260,30.79
0.127392,0.171,0.350,-0.761,58.137,-24.061,-70.840,30.74
0.139482,0.233,0.259,-0.644,56.779,-43.725,-70.168,30.79
0.151585,0.303,0.204,-0.571,42.458,-44.580,-59.313,30.74
0.158745,0.379,0.182,-0.461,29.634,-33.542,-65.924,30.74
0.171429,0.470,0.202,-0.440,25.420,2.321,-54.595,30.60
0.179347,0.353,0.068,-0.447,28.733,34.718,-32.534,30.65
0.190714,0.212,0.127,-0.524,29.328,64.107,-18.901,30.79
0.197855,-0.072,0.125,-0.675,26.672,96.672,-35.832,30.74
0.209931,-0.086,0.233,-0.843,17.985,115.634,-50.733,30.74
0.217119,-0.067,0.260,-0.887,49.099,70.840,-74.198,30.74
0.229824,0.072,0.271,-0.810,54.763,41.237,-97.542,30.74
0.241824,0.280,0.248,-0.735,52.198,9.634,-105.313,30.69
0.249351,0.424,0.206,-0.688,44.153,-15.206,-101.756,30.65
0.261119,0.571,0.167,-0.714,41.511,-20.733,-93.756,30.74
0.269156,0.643,0.160,-0.690,42.580,-4.779,-82.107,30.69
0.280849,0.639,0.135,-0.704,47.115,31.084,-66.687,30.74
0.288456,0.466,0.167,-0.778,49.023,54.000,-55.374,30.69
0.300187,0.305,0.204,-0.848,50.870,57.603,-56.748,30.65
0.307400,0.199,0.217,-0.869,53.542,42.779,-66.198,30.74
0.320098,0.179,0.207,-0.858,53.725,15.389,-77.756,30.69
0.331925,0.231,0.210,-0.802,51.618,-20.137,-87.466,30.65
0.339475,0.379,0.170,-0.730,44.977,-48.382,-91.023,30.69
0.351131,0.499,0.124,-0.665,41.145,-55.847,-81.985,30.84
0.358290,0.511,0.099,-0.606,42.427,-30.351,-67.863,30.65
0.370885,0.442,0.104,-0.618,45.679,5.344,-54.473,30.79
0.378618,0.276,0.145,-0.640,45.588,31.420,-53.557,30.65
0.390185,0.181,0.199,-0.662,44.473,42.092,-62.809,30.69
0.397665,0.112,0.228,-0.689,35.191,35.435,-76.672,30.74
0.410251,0.141,0.255,-0.724,28.489,14.397,-86.641,30.69
0.417549,0.251,0.231,-0.755,27.221,-6.351,-93.481,30.74
0.429242,0.381,0.200,-0.729,27.634,-14.977,-92.107,30.74
0.441606,0.446,0.213,-0.675,22.290,-6.763,-91.450,30.60
0.449265,0.643,0.289,-0.885,27.664,-8.504,-68.137,30.74
0.461439,0.324,0.236,-0.736,32.779,26.748,-66.916,30.79
0.468472,0.184,0.205,-0.760,46.397,76.458,-101.527,30.65
0.480652,0.345,0.331,-0.699,62.198,78.992,-88.122,30.74
0.487888,0.320,0.349,-0.702,39.771,73.191,-96.046,30.69
0.499965,0.389,0.324,-0.781,40.519,65.725,-104.733,30.74
0.507148,0.480,0.292,-0.751,36.443,52.855,-103.282,30.69
0.519533,0.571,0.276,-0.736,31.695,35.679,-92.901,30.65
0.531865,0.566,0.250,-0.762,39.954,27.573,-78.427,30.65
0.539073,0.408,0.284,-0.756,57.786,40.412,-69.053,30.69
0.551283,0.275,0.327,-0.763,60.595,63.908,-71.450,30.74
0.558581,0.178,0.484,-0.761,60.672,78.733,-78.702,30.69
0.570778,0.121,0.517,-0.781,59.267,74.672,-89.557,30.74
0.577844,0.177,0.484,-0.800,51.725,62.061,-113.527,30.74
0.590226,0.406,0.428,-0.911,55.710,48.244,-117.740,30.69
0.597634,0.698,0.410,-0.613,39.954,10.382,-130.412,30.65
0.609951,0.974,0.326,-0.687,30.656,-9.740,-120.672,30.69
0.621798,1.117,0.023,-0.902,66.382,-23.405,-96.977,30.65
0.629246,1.155,0.106,-0.711,70.947,-10.504,-87.237,30.74
0.641232,1.092,0.098,-0.690,46.718,19.542,-78.427,30.69
0.648820,0.963,0.115,-0.786,55.679,19.496,-65.344,30.65
0.660704,0.804,0.127,-0.725,62.855,7.679,-60.702,30.69
0.668123,0.708,0.150,-0.676,60.153,-6.122,-62.122,30.65
0.680488,0.631,0.163,-0.599,61.145,-11.084,-68.061,30.69
0.687385,0.591,0.130,-0.664,65.954,-10.840,-73.145,30.74
0.700495,0.514,0.168,-0.577,62.351,-4.687,-83.863,30.74
0.706236,0.550,0.158,-0.536,55.542,2.382,-91.191,30.69
0.719252,0.560,0.169,-0.521,56.580,3.221,-99.008,30.74
0.731828,0.671,0.138,-0.509,50.305,-2.809,-100.489,30.79
0.739369,0.742,0.130,-0.510,44.550,-2.198,-93.664,30.69
0.751564,0.767,0.126,-0.543,46.305,6.809,-86.061,30.55
0.759323,0.694,0.118,-0.571,46.458,20.855,-83.405,30.69
0.770957,0.604,0.162,-0.642,48.947,31.725,-80.702,30.74
0.778416,0.510,0.234,-0.732,48.626,33.053,-80.229,30.79
0.790573,0.431,0.174,-0.862,54.626,19.130,-90.046,30.69
0.797620,0.462,0.257,-0.781,44.641,-4.321,-98.656,30.74
0.810102,0.621,0.247,-0.781,34.244,-27.282,-96.092,30.69
0.821833,0.841,0.028,-0.618,34.977,-40.046,-78.672,30.65
0.829464,0.596,0.053,-0.748,52.916,-17.008,-47.832,30.69
0.841622,0.309,0.111,-0.710,72.641,41.725,-53.634,30.74
0.848631,0.276,0.169,-0.768,58.870,69.908,-64.763,30.65
0.861142,0.268,0.160,-0.742,65.389,54.870,-73.099,30.60
0.868122,0.273,0.180,-0.743,62.519,33.664,-85.344,30.65
0.880670,0.305,0.133,-0.743,56.366,27.756,-96.107,30.69
0.888509,0.350,0.129,-0.677,69.985,19.740,-108.519,30.65
0.899921,0.465,0.124,-0.632,76.061,22.443,-115.969,30.69
0.911817,0.573,0.129,-0.651,78.855,33.267,-123.985,30.79
0.919051,0.666,0.108,-0.642,84.198,40.763,-128.198,30.65
0.931391,0.723,0.099,-0.638,87.267,49.878,-130.107,30.69
0.939084,0.786,0.082,-0.611,90.992,55.542,-132.901,30.65
0.950703,0.980,0.078,-0.470,96.290,63.008,-135.130,30.69
0.957869,1.154,0.045,-0.345,105.023,46.809,-120.534,30.74
0.970185,1.112,0.027,-0.306,101.344,28.137,-92.015,30.65
0.977161,1.019,0.026,-0.342,70.855,14.672,-71.725,30.60
0.989955,0.926,0.022,-0.435,49.206,12.244,-58.122,30.65
1.001850,0.796,0.061,-0.424,37.893,0.092,-55.664,30.69
