DeltaTime_s,AccelX,AccelY,AccelZ,GyroX,GyroY,GyroZ,Temp
0.000000,0.832000,0.163000,0.568000,-3.191000,-19.008000,3.084000,0.000000
0.020000,0.925000,0.213000,0.449000,1.802000,2.061000,8.122000,0.000000
0.040000,0.950000,0.228000,0.430000,1.405000,-2.962000,-0.779000,0.000000
0.062000,0.883000,0.169000,0.869000,-45.878000,-12.275000,-18.122000,0.000000
0.081000,0.884000,0.166000,1.014000,-43.695000,-16.687000,-17.282000,0.000000
0.101000,1.030000,0.267000,1.044000,-50.366000,-5.924000,-0.504000,0.000000
0.120000,1.025000,0.327000,0.994000,-53.893000,1.481000,-7.374000,0.000000
0.151000,0.895000,0.338000,0.868000,-67.786000,-10.198000,-19.603000,0.000000
0.170000,0.813000,0.212000,0.733000,-76.489000,-16.198000,-14.504000,0.000000
0.183000,0.772000,0.128000,0.655000,-86.611000,-17.176000,8.229000,0.000000
0.202000,0.694000,-0.305000,0.472000,-75.573000,-17.557000,41.191000,0.000000
0.221000,0.625000,-0.331000,0.307000,-36.321000,-23.725000,55.267000,0.000000
0.240000,0.797000,-0.173000,0.162000,15.679000,-34.473000,2.779000,0.000000
0.271000,0.951000,0.074000,-0.120000,40.779000,-46.122000,-17.695000,0.000000
0.291000,1.026000,0.110000,-0.259000,34.168000,-34.321000,10.168000,0.000000
0.302000,1.025000,0.053000,-0.314000,36.107000,-29.802000,23.817000,0.000000
0.322000,1.247000,0.039000,-0.331000,59.176000,-12.214000,28.366000,0.000000
0.341000,1.307000,0.415000,-0.483000,79.771000,6.595000,6.641000,0.000000
0.361000,1.195000,0.680000,-0.500000,49.481000,15.496000,10.611000,0.000000
0.380000,1.074000,0.588000,-0.385000,12.489000,14.305000,19.618000,0.000000
0.400000,0.962000,0.421000,-0.274000,-15.389000,9.176000,30.840000,0.000000
0.431000,1.016000,0.146000,-0.022000,-17.710000,1.053000,14.702000,0.000000
0.451000,0.994000,0.073000,0.083000,-14.198000,-0.916000,10.992000,0.000000
0.463000,0.990000,0.080000,0.115000,-15.969000,-3.084000,11.740000,0.000000
0.482000,1.016000,0.044000,0.217000,-18.137000,-5.588000,9.069000,0.000000
0.502000,1.020000,0.012000,0.289000,-20.031000,-9.664000,4.534000,0.000000
0.521000,1.089000,-0.046000,0.364000,-7.710000,-7.664000,-8.870000,0.000000
0.541000,1.068000,-0.038000,0.343000,0.015000,-1.985000,-0.168000,0.000000
0.561000,1.070000,0.109000,0.333000,5.817000,3.466000,1.969000,0.000000
0.580000,1.014000,0.144000,0.288000,0.763000,3.786000,2.351000,0.000000
0.601000,1.033000,0.090000,0.308000,1.420000,3.817000,9.969000,0.000000
0.620000,1.013000,0.084000,0.341000,0.687000,5.786000,15.908000,0.000000
0.640000,1.018000,0.087000,0.337000,7.221000,7.115000,6.840000,0.000000
0.661000,1.017000,0.127000,0.326000,6.611000,8.580000,1.725000,0.000000
0.680000,0.992000,0.119000,0.284000,10.046000,6.656000,-2.443000,0.000000
0.700000,1.043000,0.193000,0.251000,9.084000,5.710000,0.351000,0.000000
0.720000,1.008000,0.198000,0.234000,2.382000,5.924000,4.275000,0.000000
0.740000,1.040000,0.107000,0.262000,-0.351000,7.634000,9.542000,0.000000
0.772000,1.089000,0.126000,0.243000,7.008000,13.847000,5.634000,0.000000
0.780000,1.058000,0.146000,0.221000,4.977000,14.748000,5.160000,0.000000
0.811000,1.040000,0.083000,0.216000,0.519000,14.702000,5.313000,0.000000
0.831000,1.015000,0.087000,0.206000,-0.198000,15.725000,3.863000,0.000000
0.851000,0.990000,0.072000,0.194000,-1.878000,15.435000,6.076000,0.000000
0.871000,0.957000,0.070000,0.210000,-0.412000,18.015000,8.763000,0.000000
0.883000,0.915000,0.084000,0.198000,-1.084000,18.733000,12.458000,0.000000
0.903000,0.867000,0.125000,0.178000,-1.160000,15.863000,10.519000,0.000000
0.922000,0.829000,0.132000,0.188000,-10.351000,3.389000,4.366000,0.000000
0.942000,0.869000,0.017000,0.284000,-13.557000,-5.374000,4.611000,0.000000
0.962000,0.938000,-0.036000,0.364000,-6.962000,-5.237000,10.137000,0.000000
0.981000,1.025000,0.028000,0.402000,2.092000,-0.595000,11.603000,0.000000
1.001000,0.993000,0.073000,0.380000,3.649000,-1.511000,6.672000,0.000000
1.021000,1.026000,0.070000,0.393000,4.763000,-5.237000,1.969000,0.000000
1.041000,1.067000,0.098000,0.415000,6.321000,-5.405000,2.519000,0.000000
1.060000,1.083000,0.142000,0.412000,7.328000,-2.122000,-2.809000,0.000000
1.081000,1.055000,0.134000,0.415000,2.046000,-1.649000,-4.137000,0.000000
1.100000,1.020000,0.070000,0.388000,3.893000,-2.000000,-0.824000,0.000000
1.120000,1.035000,0.119000,0.372000,6.595000,0.931000,2.656000,0.000000
1.140000,1.036000,0.155000,0.371000,6.366000,2.046000,0.519000,0.000000
1.160000,1.004000,0.161000,0.361000,3.649000,1.115000,-2.397000,0.000000
1.192000,1.002000,0.089000,0.391000,1.282000,1.405000,-6.931000,0.000000
1.200000,1.003000,0.085000,0.393000,4.779000,0.290000,-10.290000,0.000000
1.231000,1.042000,0.096000,0.384000,6.947000,1.832000,-3.466000,0.000000
1.251000,1.037000,0.117000,0.402000,8.672000,5.252000,1.267000,0.000000
1.271000,0.993000,0.128000,0.411000,7.802000,5.344000,6.718000,0.000000
1.291000,0.986000,0.142000,0.392000,7.511000,5.618000,5.969000,0.000000
1.311000,0.997000,0.115000,0.370000,9.847000,5.389000,10.000000,0.000000
1.323000,1.010000,0.139000,0.360000,11.664000,6.290000,10.107000,0.000000
1.343000,0.998000,0.193000,0.323000,7.420000,6.489000,9.115000,0.000000
1.363000,0.998000,0.133000,0.345000,2.931000,6.718000,13.771000,0.000000
1.383000,1.007000,0.135000,0.322000,5.130000,7.802000,8.855000,0.000000
1.403000,1.000000,0.150000,0.297000,-0.595000,7.023000,6.595000,0.000000
1.423000,1.032000,0.042000,0.339000,1.405000,7.130000,4.031000,0.000000
1.443000,1.012000,0.081000,0.331000,5.481000,9.924000,1.267000,0.000000
1.463000,0.970000,0.106000,0.326000,0.260000,10.748000,3.160000,0.000000
1.483000,0.917000,0.075000,0.337000,0.656000,8.595000,4.229000,0.000000
1.503000,0.916000,0.100000,0.339000,-3.099000,5.115000,6.107000,0.000000
1.523000,0.916000,0.012000,0.355000,1.679000,2.076000,9.725000,0.000000
1.542000,0.969000,0.100000,0.377000,6.962000,2.168000,10.061000,0.000000
1.562000,0.938000,0.133000,0.346000,5.511000,1.786000,10.137000,0.000000
1.582000,0.914000,0.074000,0.357000,7.435000,-1.099000,14.244000,0.000000
1.602000,0.984000,0.169000,0.348000,10.779000,-1.099000,15.008000,0.000000
1.621000,1.010000,0.302000,0.302000,6.626000,-0.076000,4.260000,0.000000
1.641000,0.972000,0.257000,0.276000,-4.397000,-5.237000,0.397000,0.000000
1.661000,1.010000,0.147000,0.334000,-8.015000,-4.916000,4.061000,0.000000
1.680000,1.072000,0.209000,0.266000,-8.504000,-6.855000,8.962000,0.000000
1.700000,1.098000,0.119000,0.318000,-11.908000,0.595000,17.405000,0.000000
1.732000,1.033000,0.140000,0.288000,-16.290000,2.366000,11.267000,0.000000
1.751000,1.019000,0.066000,0.297000,-18.321000,-3.008000,7.679000,0.000000
1.770000,1.030000,-0.003000,0.307000,-15.435000,-2.351000,4.656000,0.000000
1.783000,1.033000,-0.009000,0.313000,-15.603000,-2.153000,7.038000,0.000000
1.802000,1.016000,-0.078000,0.321000,-14.305000,0.031000,13.679000,0.000000
1.821000,1.002000,-0.147000,0.317000,-10.229000,1.069000,21.863000,0.000000
1.841000,1.004000,-0.137000,0.325000,-3.435000,-0.015000,23.130000,0.000000
1.860000,1.039000,-0.098000,0.331000,2.366000,1.985000,20.489000,0.000000
1.880000,1.043000,-0.042000,0.332000,3.924000,1.939000,15.237000,0.000000
1.900000,1.026000,-0.068000,0.342000,5.145000,2.595000,10.061000,0.000000
1.920000,1.010000,-0.126000,0.350000,6.718000,5.634000,16.992000,0.000000
1.940000,0.970000,-0.129000,0.324000,10.992000,5.084000,29.023000,0.000000
1.971000,1.030000,-0.001000,0.329000,12.366000,7.115000,33.496000,0.000000
1.991000,0.982000,-0.013000,0.302000,10.076000,2.840000,24.550000,0.000000
