DeltaTime_s,AccelX,AccelY,AccelZ,GyroX,GyroY,GyroZ,Temp
0.000000,1.043000,0.134000,0.024000,-6.198000,-3.328000,-11.328000,0.000000
0.020000,1.047000,0.087000,0.078000,-7.023000,-3.618000,-11.206000,0.000000
0.032000,1.060000,0.077000,0.104000,-6.168000,-0.611000,-6.763000,0.000000
0.049000,1.078000,0.103000,0.150000,-3.481000,6.473000,1.420000,0.000000
0.057000,1.071000,0.120000,0.143000,-2.122000,8.427000,0.397000,0.000000
0.065000,1.054000,0.143000,0.120000,-1.328000,9.160000,-1.099000,0.000000
0.082000,1.067000,0.158000,0.121000,-1.573000,8.519000,-3.817000,0.000000
0.092000,1.088000,0.194000,0.098000,-3.023000,9.802000,-6.885000,0.000000
0.104000,1.086000,0.211000,0.107000,-4.748000,9.832000,-10.229000,0.000000
0.112000,1.072000,0.214000,0.083000,-7.145000,8.443000,-14.275000,0.000000
0.124000,1.042000,0.202000,0.091000,-10.061000,7.893000,-14.580000,0.000000
0.143000,0.989000,0.156000,0.098000,-17.511000,9.374000,-9.939000,0.000000
0.162000,0.969000,0.115000,0.100000,-16.168000,5.756000,-6.489000,0.000000
0.171000,0.977000,0.122000,0.106000,-15.634000,7.145000,-1.863000,0.000000
0.183000,0.967000,0.125000,0.086000,-14.336000,6.397000,0.824000,0.000000
0.188000,0.974000,0.139000,0.069000,-13.130000,5.847000,1.573000,0.000000
0.202000,0.979000,0.167000,0.037000,-14.290000,5.435000,2.809000,0.000000
0.212000,0.988000,0.166000,0.028000,-16.168000,4.290000,1.481000,0.000000
0.218000,0.972000,0.153000,0.024000,-17.405000,2.718000,0.962000,0.000000
0.234000,0.972000,0.136000,0.023000,-20.305000,1.863000,3.420000,0.000000
0.250000,1.019000,0.050000,0.066000,-17.603000,2.611000,5.298000,0.000000
0.258000,1.026000,0.042000,0.062000,-14.870000,5.649000,9.695000,0.000000
0.266000,1.032000,0.020000,0.062000,-11.160000,8.901000,14.794000,0.000000
0.275000,1.039000,0.045000,0.031000,-5.466000,11.053000,18.412000,0.000000
0.291000,1.017000,0.084000,0.004000,-0.977000,11.145000,20.458000,0.000000
0.299000,1.010000,0.147000,-0.005000,-0.321000,10.427000,18.656000,0.000000
0.309000,0.975000,0.198000,-0.021000,-1.267000,8.718000,12.137000,0.000000
0.317000,0.943000,0.244000,-0.036000,-4.397000,4.351000,3.023000,0.000000
0.324000,0.911000,0.243000,-0.062000,-8.595000,-2.244000,-6.519000,0.000000
0.344000,0.926000,0.203000,-0.025000,-13.878000,-5.954000,-11.771000,0.000000
0.349000,0.916000,0.115000,-0.005000,-14.962000,-7.664000,-17.389000,0.000000
0.359000,0.910000,0.060000,-0.020000,-12.244000,-12.412000,-18.443000,0.000000
0.366000,0.941000,0.033000,-0.007000,-11.618000,-14.702000,-13.206000,0.000000
0.382000,1.000000,-0.009000,0.028000,-10.611000,-14.412000,-5.359000,0.000000
0.391000,1.051000,-0.033000,0.034000,-5.420000,-13.435000,-2.321000,0.000000
0.398000,1.082000,-0.013000,0.020000,-2.748000,-11.267000,0.916000,0.000000
0.408000,1.117000,-0.004000,0.012000,-0.656000,-9.603000,0.794000,0.000000
0.431000,1.067000,-0.020000,-0.063000,8.794000,-5.802000,4.504000,0.000000
0.448000,1.089000,0.087000,-0.077000,9.511000,-1.908000,10.962000,0.000000
0.459000,1.087000,0.122000,-0.105000,7.771000,-0.824000,13.969000,0.000000
0.472000,1.122000,0.161000,-0.094000,6.489000,-0.137000,15.481000,0.000000
0.489000,1.145000,0.191000,-0.065000,1.878000,4.321000,8.519000,0.000000
0.501000,1.106000,0.150000,-0.083000,0.947000,2.336000,-4.183000,0.000000
0.505000,1.094000,0.180000,-0.041000,0.626000,0.336000,-14.794000,0.000000
0.522000,1.064000,0.076000,-0.043000,-1.053000,-2.366000,-16.885000,0.000000
0.526000,1.056000,0.046000,-0.039000,0.824000,-4.748000,-25.481000,0.000000
0.543000,1.038000,0.038000,-0.041000,6.519000,-5.985000,-27.802000,0.000000
0.562000,0.947000,0.067000,-0.063000,8.366000,-4.198000,-7.557000,0.000000
0.575000,0.908000,0.090000,-0.053000,6.748000,-1.328000,7.664000,0.000000
0.595000,1.023000,0.129000,-0.018000,7.130000,1.969000,18.824000,0.000000
0.613000,1.003000,0.193000,-0.077000,2.626000,-2.412000,3.527000,0.000000
0.633000,1.000000,0.137000,-0.049000,1.557000,-9.634000,-23.145000,0.000000
0.642000,0.966000,0.105000,-0.049000,1.664000,-14.198000,-31.817000,0.000000
0.653000,0.967000,0.039000,-0.030000,2.443000,-13.740000,-31.023000,0.000000
0.670000,0.956000,0.043000,-0.063000,8.275000,-11.832000,-16.321000,0.000000
0.680000,0.975000,0.079000,-0.079000,11.206000,-9.588000,-9.298000,0.000000
0.693000,0.978000,0.145000,-0.102000,11.176000,-5.649000,0.321000,0.000000
0.703000,0.993000,0.151000,-0.103000,9.985000,-2.733000,2.733000,0.000000
0.712000,1.021000,0.145000,-0.104000,9.679000,-3.985000,1.542000,0.000000
0.723000,1.046000,0.164000,-0.089000,9.221000,-2.473000,-3.267000,0.000000
0.728000,1.071000,0.141000,-0.081000,8.137000,-3.664000,-10.061000,0.000000
0.743000,1.096000,0.121000,-0.070000,4.611000,-3.298000,-17.603000,0.000000
0.750000,1.069000,0.066000,-0.065000,2.794000,-0.565000,-20.550000,0.000000
0.762000,1.038000,0.010000,-0.056000,3.924000,-0.595000,-18.626000,0.000000
0.771000,0.995000,-0.011000,-0.063000,8.427000,-1.282000,-14.489000,0.000000
0.778000,0.987000,0.030000,-0.061000,14.733000,-2.046000,-11.344000,0.000000
0.792000,0.958000,0.108000,-0.076000,17.527000,3.267000,-4.519000,0.000000
0.795000,0.902000,0.131000,-0.141000,18.687000,3.344000,4.809000,0.000000
0.814000,0.934000,0.145000,-0.089000,22.366000,3.328000,-1.176000,0.000000
0.833000,0.952000,0.225000,-0.140000,21.588000,1.252000,-10.076000,0.000000
0.847000,0.957000,0.249000,-0.152000,12.901000,-1.145000,-13.191000,0.000000
0.860000,0.975000,0.192000,-0.112000,6.550000,-2.840000,-9.954000,0.000000
0.871000,0.973000,0.169000,-0.123000,4.046000,-3.008000,-4.992000,0.000000
0.882000,1.021000,0.164000,-0.093000,4.122000,-4.122000,0.305000,0.000000
0.891000,0.951000,0.142000,-0.116000,10.351000,-3.908000,-2.534000,0.000000
0.898000,0.936000,0.158000,-0.112000,12.321000,-7.237000,-2.427000,0.000000
0.908000,0.948000,0.165000,-0.103000,11.802000,-9.237000,-1.267000,0.000000
0.923000,0.933000,0.165000,-0.093000,10.687000,-11.298000,0.458000,0.000000
0.934000,0.953000,0.155000,-0.084000,10.550000,-11.481000,1.405000,0.000000
0.942000,0.980000,0.188000,-0.116000,6.702000,-14.794000,2.260000,0.000000
0.953000,1.030000,0.188000,-0.131000,2.580000,-14.397000,1.863000,0.000000
0.962000,1.044000,0.185000,-0.122000,5.053000,-14.672000,-7.954000,0.000000
0.974000,1.026000,0.164000,-0.124000,5.115000,-17.542000,-13.725000,0.000000
0.981000,0.984000,0.137000,-0.127000,5.893000,-17.557000,-13.023000,0.000000
0.991000,0.972000,0.094000,-0.117000,9.130000,-19.298000,-11.008000,0.000000
1.000000,0.968000,0.091000,-0.138000,10.855000,-18.794000,-5.221000,0.000000
1.012000,0.981000,0.122000,-0.143000,12.794000,-17.618000,2.611000,0.000000
1.024000,1.010000,0.130000,-0.159000,14.977000,-15.084000,8.336000,0.000000
1.032000,1.035000,0.163000,-0.173000,18.489000,-13.099000,8.794000,0.000000
1.044000,1.029000,0.204000,-0.206000,20.718000,-14.977000,6.427000,0.000000
1.051000,1.022000,0.219000,-0.219000,20.519000,-14.321000,4.580000,0.000000
1.063000,1.025000,0.219000,-0.227000,17.542000,-14.794000,3.420000,0.000000
1.067000,1.027000,0.208000,-0.211000,13.878000,-15.649000,0.137000,0.000000
1.083000,1.004000,0.171000,-0.186000,9.313000,-17.084000,0.122000,0.000000
1.094000,1.005000,0.143000,-0.183000,6.015000,-16.794000,1.344000,0.000000
1.101000,1.023000,0.129000,-0.173000,6.153000,-16.427000,5.695000,0.000000
1.115000,1.032000,0.115000,-0.184000,8.092000,-14.305000,8.336000,0.000000
1.122000,1.053000,0.128000,-0.193000,11.557000,-11.084000,7.710000,0.000000
1.134000,1.052000,0.149000,-0.221000,13.450000,-8.122000,7.908000,0.000000
1.143000,1.034000,0.147000,-0.249000,14.901000,-5.924000,8.992000,0.000000
