DeltaTime_s,AccelX,AccelY,AccelZ,GyroX,GyroY,GyroZ,Temp
0.000000,0.897000,0.063000,0.344000,-10.290000,7.756000,-4.427000,0.000000
0.019000,0.864000,0.371000,0.458000,-63.893000,0.260000,-18.244000,0.000000
0.039000,0.820000,0.135000,0.544000,45.282000,-22.366000,10.382000,0.000000
0.059000,1.001000,0.052000,0.245000,5.405000,3.481000,-7.679000,0.000000
0.091000,1.042000,0.037000,0.247000,-5.145000,0.595000,2.885000,0.000000
0.111000,1.109000,-0.042000,0.291000,-1.985000,1.725000,2.260000,0.000000
0.131000,1.122000,-0.018000,0.267000,5.573000,7.344000,-6.580000,0.000000
0.150000,1.083000,0.038000,0.214000,10.595000,8.305000,-9.664000,0.000000
0.170000,0.997000,0.130000,0.161000,3.420000,6.290000,1.084000,0.000000
0.190000,1.132000,0.125000,0.240000,-8.046000,9.206000,4.870000,0.000000
0.202000,1.175000,0.107000,0.240000,-6.870000,11.802000,1.405000,0.000000
0.222000,1.132000,0.149000,0.210000,-2.534000,18.611000,-17.038000,0.000000
0.241000,1.016000,0.215000,0.153000,-7.969000,24.427000,-24.382000,0.000000
0.261000,1.016000,0.228000,0.100000,-13.466000,31.710000,-20.046000,0.000000
0.280000,0.919000,0.464000,-0.044000,-19.435000,32.351000,-28.931000,0.000000
0.311000,1.082000,0.241000,0.043000,-52.168000,17.679000,-65.893000,0.000000
0.330000,1.191000,-0.031000,0.024000,-56.427000,22.046000,-57.847000,0.000000
0.342000,1.268000,-0.123000,0.003000,-51.649000,30.244000,-45.908000,0.000000
0.361000,1.149000,0.028000,0.093000,-40.366000,46.412000,-33.542000,0.000000
0.381000,0.931000,0.169000,0.047000,-51.221000,35.527000,-26.626000,0.000000
0.399000,1.242000,-0.031000,0.108000,-51.023000,30.779000,-33.771000,0.000000
0.432000,1.420000,0.089000,0.039000,-20.809000,69.969000,-26.855000,0.000000
0.450000,1.022000,0.276000,0.131000,-33.924000,74.718000,-21.191000,0.000000
0.464000,0.885000,0.169000,0.211000,-31.038000,71.603000,-18.748000,0.000000
0.482000,0.988000,0.180000,0.197000,-18.473000,65.664000,-28.595000,0.000000
0.501000,0.918000,0.441000,0.175000,-26.137000,64.092000,-22.809000,0.000000
0.524000,0.788000,0.310000,0.373000,-62.489000,63.237000,27.206000,0.000000
0.542000,0.859000,0.013000,0.582000,-50.809000,62.229000,31.847000,0.000000
0.559000,0.882000,0.070000,0.607000,-25.527000,57.817000,12.763000,0.000000
0.590000,0.782000,0.053000,0.565000,-14.962000,50.824000,5.313000,0.000000
0.603000,0.559000,0.169000,0.614000,-18.840000,50.901000,1.710000,0.000000
0.622000,0.510000,-0.109000,0.923000,-11.695000,18.214000,4.992000,0.000000
0.641000,0.698000,-0.064000,0.986000,12.214000,13.450000,-3.634000,0.000000
0.661000,0.679000,0.115000,0.768000,16.794000,14.351000,9.206000,0.000000
0.681000,0.593000,0.182000,0.715000,9.847000,4.534000,18.290000,0.000000
0.700000,0.699000,-0.071000,0.830000,13.252000,-14.962000,8.641000,0.000000
0.720000,0.747000,-0.247000,0.841000,43.053000,-12.382000,-3.603000,0.000000
0.751000,0.705000,0.172000,0.685000,75.252000,-17.115000,-0.076000,0.000000
0.771000,0.726000,0.251000,0.767000,53.267000,-30.641000,11.466000,0.000000
0.783000,0.818000,0.093000,0.800000,55.176000,-29.588000,5.298000,0.000000
0.802000,0.805000,0.168000,0.823000,66.458000,-23.038000,17.756000,0.000000
0.822000,0.745000,0.339000,0.771000,66.565000,-25.802000,30.656000,0.000000
0.841000,0.844000,0.563000,0.824000,52.092000,-28.412000,19.908000,0.000000
0.860000,0.900000,0.283000,0.949000,35.359000,-26.702000,23.008000,0.000000
0.881000,0.963000,0.227000,1.133000,35.053000,-13.969000,33.069000,0.000000
0.899000,0.928000,0.575000,1.158000,17.328000,1.863000,45.817000,0.000000
0.931000,0.895000,0.473000,0.932000,-32.687000,10.244000,36.382000,0.000000
0.950000,0.854000,0.194000,0.777000,-34.885000,8.504000,22.443000,0.000000
0.966000,0.863000,0.100000,0.718000,-24.305000,13.756000,18.351000,0.000000
0.982000,0.718000,0.235000,0.483000,-19.725000,14.947000,19.344000,0.000000
1.001000,0.745000,0.257000,0.417000,-23.725000,7.267000,5.527000,0.000000
1.021000,0.732000,0.127000,0.423000,-25.496000,-3.527000,-9.282000,0.000000
1.040000,0.785000,-0.011000,0.466000,-22.550000,-7.618000,-10.901000,0.000000
1.059000,0.870000,-0.106000,0.518000,-9.618000,-8.061000,-9.450000,0.000000
1.091000,1.015000,-0.014000,0.560000,7.664000,2.366000,0.061000,0.000000
1.111000,0.958000,0.130000,0.544000,9.069000,7.053000,-0.183000,0.000000
1.131000,0.934000,0.221000,0.537000,1.237000,7.282000,1.466000,0.000000
1.151000,0.979000,0.182000,0.552000,-2.809000,8.885000,5.359000,0.000000
1.170000,1.001000,0.159000,0.550000,-5.496000,14.504000,9.130000,0.000000
1.190000,0.881000,0.118000,0.537000,-6.351000,12.168000,8.260000,0.000000
1.210000,0.868000,0.079000,0.548000,2.031000,8.504000,4.153000,0.000000
1.230000,0.853000,0.098000,0.531000,9.008000,3.405000,-0.260000,0.000000
1.242000,0.851000,0.141000,0.536000,11.237000,1.252000,-1.008000,0.000000
1.262000,0.894000,0.207000,0.547000,7.985000,-3.191000,-0.809000,0.000000
1.282000,0.935000,0.203000,0.559000,4.458000,-5.481000,-0.076000,0.000000
1.302000,0.968000,0.155000,0.583000,-0.122000,-5.450000,5.344000,0.000000
1.322000,0.992000,0.127000,0.595000,3.573000,-2.840000,2.672000,0.000000
1.341000,0.994000,0.110000,0.608000,5.099000,-0.046000,1.863000,0.000000
1.361000,0.957000,0.122000,0.589000,7.008000,4.611000,6.550000,0.000000
1.381000,0.897000,0.164000,0.552000,7.863000,5.954000,9.466000,0.000000
1.401000,0.880000,0.224000,0.515000,6.702000,2.305000,4.992000,0.000000
1.421000,0.889000,0.223000,0.523000,5.084000,-0.092000,-3.863000,0.000000
1.441000,0.904000,0.163000,0.543000,2.779000,0.153000,-0.931000,0.000000
1.461000,0.880000,0.185000,0.529000,1.954000,0.687000,2.931000,0.000000
1.480000,0.911000,0.128000,0.557000,-0.107000,0.229000,3.282000,0.000000
1.501000,0.942000,0.141000,0.590000,1.389000,0.519000,-4.916000,0.000000
1.520000,0.941000,0.156000,0.588000,3.023000,2.611000,-8.656000,0.000000
1.540000,0.919000,0.157000,0.547000,-3.954000,1.817000,2.321000,0.000000
1.560000,0.974000,0.104000,0.546000,-1.786000,3.237000,7.542000,0.000000
1.580000,0.972000,0.151000,0.539000,3.282000,5.924000,7.679000,0.000000
1.600000,0.915000,0.214000,0.514000,1.298000,4.977000,7.954000,0.000000
1.620000,0.889000,0.177000,0.527000,-1.832000,3.725000,6.733000,0.000000
1.639000,0.874000,0.178000,0.528000,-1.160000,3.985000,7.008000,0.000000
1.660000,0.855000,0.183000,0.512000,-2.061000,1.756000,1.710000,0.000000
1.679000,0.861000,0.146000,0.555000,-1.878000,-0.290000,-4.000000,0.000000
1.711000,0.878000,0.117000,0.560000,0.550000,-1.328000,-2.718000,0.000000
1.730000,0.906000,0.119000,0.548000,1.878000,-1.496000,-0.366000,0.000000
1.750000,0.922000,0.136000,0.560000,1.863000,-1.557000,1.710000,0.000000
1.763000,0.940000,0.125000,0.569000,1.664000,-1.084000,3.237000,0.000000
1.783000,0.975000,0.135000,0.585000,4.046000,1.450000,4.504000,0.000000
1.803000,0.973000,0.213000,0.577000,-0.458000,3.771000,8.611000,0.000000
1.822000,0.958000,0.178000,0.557000,-6.260000,3.008000,13.115000,0.000000
1.842000,0.983000,0.130000,0.557000,-7.817000,3.313000,19.069000,0.000000
1.862000,0.950000,0.145000,0.536000,-6.397000,4.351000,18.000000,0.000000
1.882000,0.904000,0.152000,0.530000,-3.939000,2.168000,7.053000,0.000000
1.901000,0.906000,0.141000,0.517000,-3.466000,0.840000,6.427000,0.000000
1.921000,0.907000,0.145000,0.523000,-3.053000,2.275000,6.656000,0.000000
1.941000,0.876000,0.161000,0.510000,-3.573000,1.130000,2.382000,0.000000
1.961000,0.886000,0.114000,0.517000,-3.893000,-0.214000,1.374000,0.000000
1.981000,0.894000,0.115000,0.538000,-2.092000,0.107000,-0.580000,0.000000
