DeltaTime_s,AccelX,AccelY,AccelZ,GyroX,GyroY,GyroZ,Temp
0.000000,0.980000,0.046000,0.406000,1.389000,4.763000,0.321000,0.000000
0.019000,1.038000,0.397000,0.120000,-10.733000,90.947000,-64.916000,0.000000
0.039000,1.067000,-0.161000,0.767000,33.557000,-42.489000,49.710000,0.000000
0.059000,0.858000,0.177000,0.612000,-57.099000,-22.824000,8.702000,0.000000
0.081000,0.875000,0.184000,0.534000,-68.260000,-47.099000,20.824000,0.000000
0.100000,1.097000,0.046000,0.637000,-78.824000,-41.084000,21.176000,0.000000
0.119000,1.047000,-0.031000,0.614000,-79.603000,-20.916000,4.718000,0.000000
0.150000,0.754000,-0.240000,0.524000,-72.473000,-13.618000,-8.916000,0.000000
0.169000,0.712000,-0.423000,0.574000,-52.656000,-18.519000,11.618000,0.000000
0.188000,0.761000,-0.141000,0.639000,-42.733000,-21.832000,22.214000,0.000000
0.201000,0.832000,-0.036000,0.688000,-46.137000,-19.359000,20.916000,0.000000
0.220000,0.930000,0.026000,0.779000,-51.939000,-6.290000,5.176000,0.000000
0.240000,0.858000,0.028000,0.753000,-56.733000,1.924000,-4.489000,0.000000
0.259000,0.854000,-0.021000,0.781000,-61.237000,4.656000,-2.763000,0.000000
0.291000,0.790000,0.262000,0.745000,-75.069000,3.466000,-12.947000,0.000000
0.310000,0.953000,0.312000,0.847000,-106.702000,1.405000,-17.176000,0.000000
0.329000,1.057000,0.195000,0.891000,-119.298000,21.893000,-38.672000,0.000000
0.341000,1.005000,0.160000,0.893000,-119.130000,29.496000,-55.374000,0.000000
0.360000,0.881000,-0.030000,0.839000,-108.748000,39.756000,-73.786000,0.000000
0.379000,0.827000,0.077000,0.726000,-79.481000,37.496000,-98.855000,0.000000
0.410000,0.602000,0.273000,0.588000,-114.321000,17.954000,-43.847000,0.000000
0.430000,0.898000,0.122000,0.563000,-111.649000,-0.458000,-47.481000,0.000000
0.442000,0.945000,0.040000,0.506000,-103.481000,-0.840000,-52.473000,0.000000
0.461000,0.906000,-0.013000,0.458000,-77.221000,-4.931000,-56.641000,0.000000
0.480000,1.014000,-0.103000,0.476000,-52.229000,-4.229000,-43.908000,0.000000
0.499000,1.017000,0.063000,0.342000,-28.382000,3.939000,-33.099000,0.000000
0.531000,1.146000,0.325000,0.221000,-26.260000,1.756000,-42.870000,0.000000
0.550000,1.048000,0.287000,0.128000,-18.809000,-5.969000,-50.412000,0.000000
0.569000,0.974000,0.086000,0.130000,-16.855000,-15.298000,-22.168000,0.000000
0.581000,1.091000,0.019000,0.228000,-6.366000,-15.160000,-13.420000,0.000000
0.600000,1.268000,0.220000,0.254000,27.893000,11.237000,-29.832000,0.000000
0.620000,0.930000,0.607000,-0.076000,23.313000,12.183000,-36.855000,0.000000
0.651000,0.861000,0.302000,0.020000,-17.786000,-29.298000,-6.931000,0.000000
0.659000,0.934000,0.179000,0.115000,-13.679000,-33.069000,-0.214000,0.000000
0.690000,1.229000,0.212000,0.299000,12.244000,-11.771000,-13.725000,0.000000
0.709000,1.194000,0.228000,0.210000,22.840000,10.901000,-19.878000,0.000000
0.721000,1.151000,0.196000,0.187000,21.603000,21.298000,-6.336000,0.000000
0.741000,0.899000,0.207000,0.026000,19.053000,20.397000,15.008000,0.000000
0.760000,0.885000,0.042000,0.114000,30.382000,6.015000,10.290000,0.000000
0.780000,0.848000,0.037000,0.097000,58.840000,1.511000,16.061000,0.000000
0.799000,0.922000,0.100000,0.080000,50.321000,-14.321000,55.771000,0.000000
0.819000,1.148000,0.072000,0.222000,44.137000,-11.420000,68.061000,0.000000
0.851000,1.101000,0.053000,0.108000,62.489000,17.557000,57.023000,0.000000
0.870000,1.077000,0.406000,0.030000,28.183000,-4.107000,64.748000,0.000000
0.890000,1.133000,0.258000,0.171000,-16.931000,-15.557000,55.634000,0.000000
0.909000,1.293000,0.096000,0.322000,-35.405000,-5.740000,25.053000,0.000000
0.921000,1.258000,-0.074000,0.257000,-30.473000,-3.771000,12.015000,0.000000
0.940000,1.675000,-0.010000,0.164000,-3.496000,5.466000,-32.824000,0.000000
0.959000,1.139000,-0.166000,0.249000,21.557000,-12.290000,-18.443000,0.000000
0.979000,1.175000,-0.020000,0.214000,32.580000,-2.870000,-29.359000,0.000000
1.010000,1.044000,0.082000,0.175000,31.511000,2.275000,-50.336000,0.000000
1.029000,0.888000,0.035000,0.135000,30.397000,-6.702000,-38.168000,0.000000
1.049000,0.904000,0.098000,0.189000,23.496000,-9.649000,-8.382000,0.000000
1.061000,0.953000,0.153000,0.183000,16.595000,-11.573000,2.870000,0.000000
1.081000,1.069000,0.090000,0.229000,4.473000,-11.740000,4.809000,0.000000
1.101000,1.142000,0.062000,0.295000,8.870000,-3.008000,-6.198000,0.000000
1.120000,1.098000,0.032000,0.274000,10.183000,3.282000,-7.023000,0.000000
1.140000,1.057000,0.061000,0.259000,10.168000,2.260000,3.053000,0.000000
1.160000,1.075000,0.153000,0.271000,4.794000,0.718000,5.099000,0.000000
1.180000,1.074000,0.151000,0.293000,3.740000,2.870000,0.412000,0.000000
1.200000,1.034000,0.160000,0.315000,1.160000,5.115000,1.115000,0.000000
1.220000,1.021000,0.160000,0.335000,-1.130000,8.031000,3.634000,0.000000
1.240000,0.979000,0.149000,0.344000,-1.649000,9.893000,4.718000,0.000000
1.260000,0.956000,0.097000,0.341000,0.275000,10.550000,8.534000,0.000000
1.280000,0.906000,0.130000,0.336000,3.954000,8.046000,8.336000,0.000000
1.300000,0.935000,0.128000,0.350000,1.878000,6.275000,9.374000,0.000000
1.319000,0.967000,0.131000,0.350000,2.351000,3.405000,11.099000,0.000000
1.339000,1.034000,0.144000,0.386000,2.962000,4.763000,9.985000,0.000000
1.359000,1.027000,0.102000,0.412000,4.870000,11.908000,7.359000,0.000000
1.379000,1.008000,0.135000,0.356000,3.679000,12.427000,11.344000,0.000000
1.399000,1.069000,0.155000,0.361000,2.733000,13.771000,2.687000,0.000000
1.431000,1.039000,0.100000,0.408000,-1.115000,17.282000,-5.863000,0.000000
1.451000,1.031000,0.043000,0.398000,4.504000,24.733000,-0.183000,0.000000
1.470000,0.960000,0.058000,0.380000,13.282000,24.397000,-1.023000,0.000000
1.490000,0.916000,0.111000,0.361000,17.527000,19.863000,-2.809000,0.000000
1.509000,0.905000,0.176000,0.335000,9.618000,13.298000,0.183000,0.000000
1.529000,0.937000,0.147000,0.368000,2.611000,8.427000,6.290000,0.000000
1.549000,0.977000,0.136000,0.379000,-0.458000,6.855000,7.863000,0.000000
1.569000,0.968000,0.123000,0.427000,2.046000,7.038000,1.603000,0.000000
1.589000,0.870000,0.145000,0.380000,1.069000,5.756000,-2.336000,0.000000
1.602000,0.941000,0.102000,0.381000,1.206000,2.076000,-3.344000,0.000000
1.621000,0.943000,0.100000,0.387000,0.061000,1.252000,0.855000,0.000000
1.641000,0.934000,0.114000,0.386000,0.137000,-0.824000,0.641000,0.000000
1.661000,0.939000,0.153000,0.383000,-3.008000,-2.931000,2.046000,0.000000
1.681000,0.963000,0.156000,0.396000,-2.718000,-3.466000,-0.702000,0.000000
1.700000,0.970000,0.120000,0.416000,-4.275000,-2.702000,-2.336000,0.000000
1.720000,0.953000,0.090000,0.417000,-1.847000,-1.969000,-0.183000,0.000000
1.740000,0.943000,0.131000,0.380000,-0.122000,-5.267000,1.649000,0.000000
1.759000,0.990000,0.157000,0.390000,-5.374000,-7.573000,5.267000,0.000000
1.779000,1.020000,0.152000,0.393000,-6.260000,-6.931000,-1.130000,0.000000
1.811000,1.016000,0.119000,0.392000,-3.298000,-3.053000,-1.267000,0.000000
1.830000,1.022000,0.115000,0.398000,-1.466000,-0.244000,1.023000,0.000000
1.851000,1.003000,0.157000,0.390000,-0.397000,0.626000,0.092000,0.000000
1.870000,0.992000,0.168000,0.383000,-3.542000,-0.947000,0.565000,0.000000
1.890000,1.023000,0.137000,0.388000,-5.298000,-0.748000,1.557000,0.000000
1.909000,1.031000,0.108000,0.405000,-2.412000,3.099000,-2.092000,0.000000
1.921000,1.006000,0.114000,0.395000,-0.977000,4.626000,-1.053000,0.000000
1.941000,0.978000,0.143000,0.375000,-1.863000,4.183000,0.947000,0.000000
1.961000,0.984000,0.129000,0.381000,-3.511000,2.672000,1.115000,0.000000
1.981000,0.992000,0.101000,0.377000,-1.603000,3.863000,0.397000,0.000000
