DeltaTime_s,AccelX,AccelY,AccelZ,GyroX,GyroY,GyroZ,Temp
0.000000,1.027000,0.055000,0.253000,-0.336000,4.427000,-2.733000,0.000000
0.019000,0.917000,0.083000,0.056000,-29.130000,20.336000,-13.710000,0.000000
0.039000,0.937000,0.177000,0.486000,47.603000,8.260000,-18.794000,0.000000
0.059000,0.882000,0.343000,0.293000,-18.260000,6.779000,6.656000,0.000000
0.082000,0.921000,0.259000,0.309000,-24.947000,-0.122000,4.382000,0.000000
0.102000,0.946000,0.173000,0.320000,-20.122000,-0.656000,8.137000,0.000000
0.121000,0.949000,0.169000,0.305000,-13.053000,-0.931000,4.870000,0.000000
0.141000,0.988000,0.210000,0.302000,-7.893000,-2.427000,-1.725000,0.000000
0.160000,0.995000,0.257000,0.283000,-8.092000,-1.954000,-1.786000,0.000000
0.180000,0.996000,0.210000,0.307000,-6.626000,-0.168000,3.649000,0.000000
0.200000,0.996000,0.227000,0.292000,-1.435000,2.412000,0.992000,0.000000
0.220000,0.920000,0.304000,0.256000,-1.893000,3.328000,-0.397000,0.000000
0.239000,0.901000,0.297000,0.267000,-7.313000,-3.664000,8.748000,0.000000
0.260000,1.053000,0.265000,0.330000,-14.382000,-6.061000,22.656000,0.000000
0.291000,1.083000,0.137000,0.359000,-11.099000,14.092000,19.344000,0.000000
0.303000,0.978000,0.140000,0.336000,-3.130000,14.061000,12.122000,0.000000
0.323000,0.880000,0.293000,0.287000,2.168000,6.763000,8.824000,0.000000
0.342000,0.882000,0.345000,0.285000,-4.412000,-2.718000,17.969000,0.000000
0.362000,0.883000,0.337000,0.319000,-9.298000,-7.908000,18.122000,0.000000
0.381000,0.940000,0.348000,0.352000,-14.260000,-11.405000,16.489000,0.000000
0.400000,0.953000,0.389000,0.384000,-20.427000,-12.336000,13.115000,0.000000
0.419000,0.965000,0.346000,0.411000,-28.748000,-12.015000,10.244000,0.000000
0.451000,0.972000,0.313000,0.447000,-36.870000,-13.206000,8.244000,0.000000
0.471000,1.046000,0.301000,0.458000,-44.015000,-7.527000,7.450000,0.000000
0.483000,1.002000,0.261000,0.441000,-46.656000,-4.305000,5.969000,0.000000
0.502000,0.953000,0.177000,0.396000,-47.023000,-3.618000,6.519000,0.000000
0.522000,0.892000,0.172000,0.377000,-45.893000,-6.824000,7.145000,0.000000
0.542000,0.898000,0.198000,0.403000,-48.611000,-13.893000,12.275000,0.000000
0.561000,0.969000,0.176000,0.470000,-51.145000,-15.542000,16.458000,0.000000
0.580000,0.949000,0.141000,0.432000,-46.275000,-10.534000,7.527000,0.000000
0.599000,0.947000,0.113000,0.431000,-40.870000,-9.420000,5.832000,0.000000
0.631000,0.991000,0.150000,0.439000,-41.405000,-8.855000,9.481000,0.000000
0.650000,1.019000,0.164000,0.420000,-40.489000,-4.977000,7.756000,0.000000
0.663000,1.022000,0.186000,0.396000,-44.840000,-0.229000,6.046000,0.000000
0.682000,0.980000,0.107000,0.404000,-37.282000,-1.542000,9.313000,0.000000
0.702000,0.945000,0.157000,0.400000,-30.672000,-2.137000,2.382000,0.000000
0.722000,0.931000,0.235000,0.391000,-31.878000,-7.115000,4.076000,0.000000
0.740000,1.012000,0.238000,0.376000,-34.137000,-7.695000,-0.733000,0.000000
0.761000,0.959000,0.276000,0.337000,-37.221000,-5.908000,-8.168000,0.000000
0.780000,0.927000,0.240000,0.339000,-36.305000,-8.412000,-12.656000,0.000000
0.811000,0.991000,0.239000,0.377000,-30.153000,-3.603000,-10.733000,0.000000
0.823000,1.015000,0.274000,0.372000,-27.237000,-3.191000,-9.817000,0.000000
0.842000,0.979000,0.371000,0.296000,-29.771000,3.206000,-14.107000,0.000000
0.862000,0.944000,0.370000,0.299000,-41.237000,-0.687000,-11.359000,0.000000
0.881000,0.915000,0.311000,0.321000,-53.603000,-3.695000,-8.351000,0.000000
0.901000,0.943000,0.147000,0.335000,-50.794000,-10.122000,-7.511000,0.000000
0.920000,1.035000,0.101000,0.331000,-36.244000,-1.985000,-15.420000,0.000000
0.940000,0.948000,0.097000,0.323000,-30.779000,6.824000,-5.450000,0.000000
0.971000,0.829000,0.237000,0.241000,-25.374000,-9.420000,-4.656000,0.000000
0.983000,0.858000,0.277000,0.217000,-30.931000,-15.389000,-4.092000,0.000000
1.002000,0.984000,0.054000,0.266000,-32.137000,-15.450000,-2.458000,0.000000
1.021000,0.978000,-0.077000,0.250000,-10.779000,-10.595000,-3.481000,0.000000
1.041000,1.005000,0.083000,0.222000,9.450000,-11.527000,-9.130000,0.000000
1.061000,1.052000,0.269000,0.159000,15.145000,-11.435000,-19.725000,0.000000
1.080000,1.056000,0.391000,0.135000,-3.634000,-8.595000,-13.878000,0.000000
1.099000,1.002000,0.324000,0.138000,-26.977000,-4.794000,-1.267000,0.000000
1.131000,1.065000,-0.022000,0.228000,-17.008000,-0.214000,4.977000,0.000000
1.143000,1.089000,-0.061000,0.260000,-7.267000,6.382000,4.183000,0.000000
1.163000,0.996000,0.171000,0.465000,24.962000,-3.038000,25.069000,0.000000
1.182000,0.788000,0.151000,0.256000,17.908000,-3.130000,8.015000,0.000000
1.202000,0.876000,0.256000,0.139000,7.405000,1.221000,-4.336000,0.000000
1.221000,1.115000,0.122000,0.175000,3.588000,-8.382000,20.733000,0.000000
1.241000,1.147000,0.115000,0.201000,14.458000,0.260000,6.687000,0.000000
1.261000,1.126000,0.097000,0.175000,16.779000,5.588000,7.405000,0.000000
1.281000,1.084000,0.075000,0.185000,18.092000,6.809000,8.931000,0.000000
1.301000,1.097000,0.075000,0.168000,21.298000,6.626000,19.130000,0.000000
1.320000,1.194000,0.114000,0.203000,18.840000,13.405000,19.893000,0.000000
1.340000,1.178000,0.050000,0.150000,23.450000,29.191000,-10.382000,0.000000
1.360000,0.922000,-0.043000,0.128000,35.313000,21.359000,-15.130000,0.000000
1.391000,0.891000,0.053000,0.115000,37.328000,6.015000,27.908000,0.000000
1.403000,0.928000,0.167000,0.117000,35.084000,2.748000,31.802000,0.000000
1.423000,0.990000,0.387000,0.067000,13.985000,-2.977000,32.504000,0.000000
1.442000,1.070000,0.451000,0.060000,-11.115000,-9.863000,12.870000,0.000000
1.461000,0.959000,0.298000,0.056000,-15.878000,-8.550000,-18.794000,0.000000
1.480000,0.882000,0.278000,0.055000,-15.298000,-11.725000,-26.733000,0.000000
1.500000,0.715000,0.120000,0.035000,-19.420000,-21.053000,-12.702000,0.000000
1.519000,0.900000,0.164000,0.113000,-16.794000,-25.298000,-2.565000,0.000000
1.543000,0.988000,0.013000,0.143000,-9.374000,-25.115000,1.756000,0.000000
1.563000,1.116000,-0.039000,0.166000,11.313000,-12.198000,13.221000,0.000000
1.582000,1.059000,0.042000,0.124000,26.321000,-2.992000,21.084000,0.000000
1.602000,1.069000,0.151000,0.058000,24.260000,-4.687000,26.992000,0.000000
1.621000,1.089000,0.194000,0.051000,19.328000,-8.443000,26.901000,0.000000
1.640000,1.163000,0.184000,0.105000,16.763000,-10.183000,14.580000,0.000000
1.660000,1.186000,0.184000,0.119000,10.427000,-2.580000,7.527000,0.000000
1.680000,1.104000,0.084000,0.151000,10.366000,1.740000,10.092000,0.000000
1.700000,1.053000,0.135000,0.117000,6.580000,1.756000,14.550000,0.000000
1.719000,1.104000,0.210000,0.106000,8.168000,3.252000,10.076000,0.000000
1.739000,1.062000,0.270000,0.109000,-0.015000,3.038000,4.382000,0.000000
1.759000,1.029000,0.231000,0.141000,-10.122000,1.740000,4.351000,0.000000
1.791000,1.064000,0.178000,0.217000,-11.267000,5.542000,5.359000,0.000000
1.811000,1.014000,0.188000,0.184000,-12.595000,8.351000,10.580000,0.000000
1.823000,0.992000,0.236000,0.167000,-18.656000,6.809000,25.740000,0.000000
1.842000,1.073000,0.188000,0.187000,-26.473000,2.947000,12.382000,0.000000
1.862000,1.122000,0.052000,0.245000,-22.092000,2.626000,-13.511000,0.000000
1.881000,1.064000,-0.049000,0.239000,-17.969000,7.130000,-5.679000,0.000000
1.901000,1.015000,-0.092000,0.239000,-6.870000,7.084000,6.672000,0.000000
1.921000,1.063000,0.027000,0.239000,3.176000,7.221000,14.153000,0.000000
1.940000,1.031000,0.112000,0.202000,4.458000,8.397000,12.122000,0.000000
1.961000,1.031000,0.146000,0.197000,1.145000,7.817000,9.221000,0.000000
1.981000,1.013000,0.076000,0.210000,3.802000,7.221000,5.252000,0.000000
