DeltaTime_s,AccelX,AccelY,AccelZ,GyroX,GyroY,GyroZ,Temp
0.000000,1.011000,0.157000,0.020000,-3.573000,2.580000,-1.405000,0.000000
0.013000,1.010000,0.155000,0.012000,-4.763000,2.534000,-1.603000,0.000000
0.033000,1.005000,0.125000,0.014000,-6.305000,3.359000,-1.145000,0.000000
0.049000,1.006000,0.111000,0.016000,-5.985000,3.588000,-1.985000,0.000000
0.058000,0.996000,0.102000,0.006000,-5.328000,3.863000,-3.328000,0.000000
0.074000,0.984000,0.099000,-0.007000,-5.420000,1.313000,-3.878000,0.000000
0.092000,0.977000,0.073000,-0.026000,-5.573000,-1.008000,-3.023000,0.000000
0.099000,0.981000,0.074000,-0.019000,-5.527000,-2.168000,-2.153000,0.000000
0.109000,1.006000,0.059000,-0.016000,-5.832000,-2.015000,-0.458000,0.000000
0.116000,1.022000,0.048000,-0.003000,-4.260000,-3.130000,-1.099000,0.000000
0.132000,1.021000,0.055000,0.001000,-2.519000,-3.634000,-2.061000,0.000000
0.141000,1.030000,0.048000,-0.006000,-1.832000,-3.496000,-1.649000,0.000000
0.149000,1.023000,0.042000,-0.011000,0.641000,-2.840000,-2.015000,0.000000
0.158000,1.017000,0.050000,0.002000,1.771000,-3.847000,-2.290000,0.000000
0.165000,1.013000,0.065000,-0.005000,1.695000,-2.962000,0.137000,0.000000
0.182000,1.001000,0.059000,-0.032000,1.542000,-3.008000,2.183000,0.000000
0.191000,1.010000,0.065000,-0.028000,0.321000,-2.931000,5.069000,0.000000
0.208000,1.013000,0.078000,-0.023000,-0.427000,-4.824000,4.595000,0.000000
0.224000,1.021000,0.087000,-0.022000,-1.985000,-5.603000,4.412000,0.000000
0.232000,1.023000,0.070000,-0.006000,-2.168000,-6.824000,3.328000,0.000000
0.245000,1.048000,0.035000,0.031000,0.290000,-8.504000,-0.092000,0.000000
0.248000,1.035000,0.019000,0.050000,5.008000,-7.420000,-0.763000,0.000000
0.264000,1.009000,-0.001000,0.030000,8.000000,-6.458000,0.779000,0.000000
0.271000,1.009000,-0.000000,0.027000,9.878000,-5.328000,4.885000,0.000000
0.282000,1.018000,0.026000,0.030000,10.779000,-2.809000,9.450000,0.000000
0.291000,1.022000,0.042000,0.007000,10.779000,-0.397000,11.786000,0.000000
0.298000,1.033000,0.064000,0.007000,11.481000,0.336000,11.298000,0.000000
0.324000,1.017000,0.115000,-0.025000,9.710000,-2.351000,6.244000,0.000000
0.341000,1.026000,0.115000,-0.008000,7.954000,-4.901000,-0.962000,0.000000
0.349000,1.027000,0.109000,-0.002000,6.672000,-5.771000,-3.237000,0.000000
0.357000,1.041000,0.071000,0.038000,7.221000,-3.298000,-4.168000,0.000000
0.383000,1.018000,-0.011000,0.055000,16.382000,0.672000,-3.191000,0.000000
0.402000,0.984000,0.019000,0.036000,24.962000,4.000000,6.076000,0.000000
0.414000,0.989000,0.047000,0.028000,26.565000,7.206000,12.580000,0.000000
0.433000,0.986000,0.119000,-0.016000,26.336000,7.420000,13.908000,0.000000
0.442000,0.990000,0.154000,-0.028000,24.702000,6.702000,11.893000,0.000000
0.446000,0.996000,0.169000,-0.031000,23.115000,5.344000,8.458000,0.000000
0.458000,1.006000,0.175000,-0.038000,22.336000,3.573000,3.939000,0.000000
0.474000,1.016000,0.170000,-0.050000,18.687000,1.206000,4.015000,0.000000
0.480000,1.047000,0.177000,-0.022000,19.542000,-0.107000,-3.450000,0.000000
0.495000,1.061000,0.172000,0.003000,20.412000,-0.458000,-8.656000,0.000000
0.513000,0.970000,0.096000,-0.012000,23.344000,-4.748000,-9.328000,0.000000
0.515000,0.977000,0.046000,-0.003000,24.076000,-4.305000,-1.481000,0.000000
0.533000,1.016000,0.089000,0.011000,26.641000,-1.130000,4.534000,0.000000
0.540000,1.038000,0.120000,0.008000,27.557000,2.595000,8.519000,0.000000
0.548000,1.039000,0.175000,-0.016000,26.870000,3.985000,8.656000,0.000000
0.557000,1.033000,0.207000,-0.043000,24.916000,4.214000,6.504000,0.000000
0.573000,1.017000,0.284000,-0.077000,19.954000,2.397000,7.160000,0.000000
0.591000,1.003000,0.211000,-0.060000,12.061000,-1.405000,-0.992000,0.000000
0.609000,1.001000,0.193000,-0.061000,5.618000,-5.313000,-0.916000,0.000000
0.624000,0.987000,0.162000,-0.047000,4.229000,-6.901000,0.519000,0.000000
0.645000,1.031000,0.108000,0.005000,5.634000,-7.389000,5.634000,0.000000
0.657000,1.063000,0.093000,0.039000,11.481000,-1.695000,7.221000,0.000000
0.671000,1.061000,0.105000,0.012000,14.092000,0.183000,7.557000,0.000000
0.679000,1.042000,0.125000,-0.010000,16.443000,1.298000,7.237000,0.000000
0.691000,1.044000,0.150000,-0.030000,15.160000,1.863000,9.573000,0.000000
0.704000,1.017000,0.176000,-0.050000,12.702000,1.878000,8.794000,0.000000
0.712000,1.017000,0.173000,-0.050000,9.618000,1.939000,9.939000,0.000000
0.724000,0.985000,0.173000,-0.052000,7.221000,0.809000,12.809000,0.000000
0.728000,0.998000,0.122000,-0.015000,5.557000,2.092000,16.992000,0.000000
0.741000,0.992000,0.073000,0.016000,5.863000,4.977000,23.603000,0.000000
0.762000,1.021000,0.025000,0.048000,12.321000,11.344000,32.183000,0.000000
0.778000,1.037000,0.093000,0.007000,21.542000,10.992000,26.092000,0.000000
0.790000,1.061000,0.163000,-0.013000,21.908000,9.191000,19.878000,0.000000
0.802000,1.040000,0.198000,-0.047000,18.214000,7.527000,13.328000,0.000000
0.822000,1.015000,0.158000,-0.042000,12.076000,0.489000,2.260000,0.000000
0.827000,1.001000,0.163000,-0.031000,8.443000,-2.412000,3.130000,0.000000
0.843000,1.018000,0.087000,0.009000,8.122000,-1.466000,1.527000,0.000000
0.878000,1.010000,0.067000,0.002000,13.023000,-2.855000,1.695000,0.000000
0.893000,1.040000,0.106000,0.000000,13.725000,-0.687000,3.435000,0.000000
0.907000,1.015000,0.094000,-0.012000,14.519000,-1.557000,2.061000,0.000000
0.915000,0.996000,0.089000,-0.024000,13.969000,-3.115000,3.221000,0.000000
0.921000,0.997000,0.093000,-0.029000,11.710000,-3.130000,5.313000,0.000000
0.933000,0.999000,0.081000,-0.030000,9.878000,-3.313000,7.359000,0.000000
0.942000,1.017000,0.079000,-0.025000,8.214000,-3.542000,7.573000,0.000000
0.955000,1.020000,0.072000,-0.023000,7.374000,-4.458000,7.328000,0.000000
0.962000,1.042000,0.044000,-0.002000,7.878000,-4.519000,6.458000,0.000000
0.974000,1.044000,0.022000,0.018000,10.794000,-4.244000,4.427000,0.000000
0.981000,1.034000,0.016000,0.008000,14.473000,-5.374000,2.977000,0.000000
0.993000,1.023000,0.031000,-0.011000,15.924000,-5.298000,4.626000,0.000000
1.000000,1.014000,0.055000,-0.037000,14.107000,-4.107000,9.588000,0.000000
1.014000,1.019000,0.044000,-0.028000,13.038000,-2.641000,10.656000,0.000000
1.021000,1.027000,0.050000,-0.032000,11.344000,-2.305000,13.588000,0.000000
1.033000,1.023000,0.052000,-0.028000,9.374000,-1.924000,14.611000,0.000000
1.040000,1.041000,0.055000,-0.023000,6.824000,-0.443000,15.420000,0.000000
1.061000,1.035000,0.039000,-0.006000,9.603000,0.656000,4.458000,0.000000
1.073000,1.006000,0.038000,-0.005000,12.931000,-1.145000,-0.061000,0.000000
1.081000,0.981000,0.023000,0.006000,16.046000,-2.366000,-1.115000,0.000000
1.104000,0.919000,0.022000,-0.004000,21.939000,-1.939000,4.962000,0.000000
1.125000,0.913000,0.035000,-0.010000,25.496000,-2.656000,11.664000,0.000000
1.141000,0.956000,0.084000,-0.029000,26.473000,-5.634000,13.191000,0.000000
1.145000,0.968000,0.115000,-0.058000,26.870000,-7.740000,9.634000,0.000000
1.162000,0.951000,0.138000,-0.071000,24.168000,-10.397000,6.412000,0.000000
1.170000,0.945000,0.123000,-0.078000,20.687000,-12.641000,3.374000,0.000000
1.178000,0.928000,0.119000,-0.071000,17.954000,-15.649000,1.221000,0.000000
1.190000,0.955000,0.108000,-0.078000,14.290000,-16.641000,1.282000,0.000000
1.203000,0.962000,0.087000,-0.072000,10.473000,-17.496000,3.008000,0.000000
1.207000,1.017000,0.033000,-0.029000,9.679000,-17.771000,3.267000,0.000000
1.221000,1.053000,0.008000,-0.003000,12.840000,-16.183000,1.389000,0.000000
1.233000,1.072000,-0.004000,0.001000,16.229000,-15.450000,0.840000,0.000000
