DeltaTime_s,AccelX,AccelY,AccelZ,GyroX,GyroY,GyroZ,Temp
0.000000,1.015000,0.068000,0.070000,-0.641000,-5.756000,2.061000,0.000000
0.020000,1.003000,0.041000,0.071000,-3.130000,-4.137000,5.756000,0.000000
0.028000,1.017000,0.035000,0.084000,-1.573000,-3.374000,6.656000,0.000000
0.039000,1.010000,0.039000,0.062000,-0.427000,-3.374000,6.824000,0.000000
0.046000,1.015000,0.043000,0.062000,0.565000,-3.344000,6.427000,0.000000
0.059000,1.001000,0.059000,0.038000,0.366000,-2.733000,5.527000,0.000000
0.068000,1.017000,0.049000,0.040000,1.573000,-3.023000,3.893000,0.000000
0.080000,1.029000,0.049000,0.063000,3.847000,-3.847000,0.977000,0.000000
0.087000,1.014000,0.050000,0.034000,3.206000,-4.550000,0.977000,0.000000
0.097000,1.019000,0.042000,0.034000,1.969000,-3.725000,2.962000,0.000000
0.101000,1.024000,0.042000,0.051000,3.725000,-2.901000,2.397000,0.000000
0.118000,1.005000,0.050000,0.018000,3.893000,-3.344000,3.038000,0.000000
0.126000,1.006000,0.055000,0.027000,3.145000,-2.183000,4.473000,0.000000
0.134000,0.997000,0.055000,0.027000,2.733000,-2.489000,3.420000,0.000000
0.147000,0.998000,0.053000,0.021000,1.832000,-3.786000,3.969000,0.000000
0.159000,1.016000,0.046000,0.033000,1.588000,-4.748000,4.198000,0.000000
0.167000,1.027000,0.026000,0.051000,2.382000,-5.130000,3.099000,0.000000
0.180000,1.015000,0.000000,0.052000,5.221000,-4.565000,2.855000,0.000000
0.188000,1.008000,0.008000,0.046000,5.511000,-3.481000,5.359000,0.000000
0.200000,1.025000,0.012000,0.053000,5.511000,-1.985000,8.427000,0.000000
0.204000,1.018000,-0.000000,0.060000,6.580000,-1.893000,9.069000,0.000000
0.221000,1.010000,-0.010000,0.066000,7.160000,-0.947000,8.947000,0.000000
0.238000,1.018000,0.007000,0.063000,6.153000,1.053000,11.634000,0.000000
0.245000,1.003000,-0.003000,0.054000,5.847000,0.977000,11.588000,0.000000
0.258000,0.994000,-0.007000,0.063000,5.115000,-0.443000,10.046000,0.000000
0.263000,1.009000,0.006000,0.060000,5.435000,-1.603000,7.374000,0.000000
0.278000,0.999000,-0.015000,0.055000,6.641000,-4.076000,4.702000,0.000000
0.287000,0.986000,-0.046000,0.073000,9.817000,-5.649000,3.878000,0.000000
0.299000,1.012000,-0.037000,0.088000,13.313000,-5.160000,4.550000,0.000000
0.307000,0.998000,-0.005000,0.064000,15.496000,-6.031000,7.542000,0.000000
0.317000,1.031000,0.022000,0.057000,15.634000,-4.366000,8.534000,0.000000
0.332000,1.038000,0.026000,0.059000,17.191000,-2.916000,9.267000,0.000000
0.349000,1.048000,0.047000,0.029000,17.756000,-3.435000,7.206000,0.000000
0.358000,1.048000,0.044000,0.022000,16.947000,-2.122000,6.076000,0.000000
0.372000,1.039000,0.022000,0.025000,17.130000,-0.641000,5.328000,0.000000
0.392000,1.050000,0.033000,0.024000,19.069000,1.069000,6.718000,0.000000
0.398000,1.050000,0.029000,0.017000,19.023000,0.855000,7.267000,0.000000
0.408000,1.038000,0.035000,0.000000,19.038000,0.122000,7.328000,0.000000
0.419000,1.052000,0.045000,-0.002000,17.710000,-0.519000,6.901000,0.000000
0.429000,1.064000,0.037000,0.013000,17.130000,-0.580000,4.626000,0.000000
0.434000,1.053000,0.030000,0.011000,16.550000,-0.107000,3.313000,0.000000
0.451000,1.058000,0.022000,0.009000,15.389000,0.489000,3.786000,0.000000
0.458000,1.069000,0.023000,0.010000,14.504000,1.023000,4.275000,0.000000
0.467000,1.079000,0.009000,0.023000,14.550000,2.061000,5.038000,0.000000
0.480000,1.069000,0.005000,0.021000,14.733000,2.672000,5.450000,0.000000
0.487000,1.078000,-0.004000,0.040000,14.977000,2.382000,6.672000,0.000000
0.495000,1.078000,0.003000,0.023000,15.359000,3.740000,7.618000,0.000000
0.511000,1.057000,-0.009000,0.031000,15.221000,4.458000,9.450000,0.000000
0.529000,1.064000,-0.013000,0.018000,10.550000,7.130000,13.710000,0.000000
0.547000,1.060000,-0.055000,0.050000,9.008000,5.740000,10.443000,0.000000
0.559000,1.072000,-0.100000,0.084000,11.038000,6.229000,7.145000,0.000000
0.569000,1.056000,-0.145000,0.104000,16.168000,5.405000,5.588000,0.000000
0.579000,1.023000,-0.157000,0.093000,21.435000,4.672000,6.412000,0.000000
0.588000,0.994000,-0.143000,0.082000,25.252000,4.000000,10.611000,0.000000
0.597000,0.999000,-0.123000,0.075000,28.076000,4.168000,13.023000,0.000000
0.611000,1.004000,-0.097000,0.059000,31.710000,4.183000,14.809000,0.000000
0.630000,1.010000,-0.038000,0.029000,31.099000,3.924000,12.992000,0.000000
0.636000,1.022000,-0.021000,0.024000,29.664000,2.565000,10.824000,0.000000
0.649000,1.031000,-0.005000,0.029000,28.000000,1.282000,6.000000,0.000000
0.660000,1.027000,-0.002000,0.031000,27.832000,-0.519000,1.237000,0.000000
0.668000,1.009000,0.003000,0.033000,28.229000,-3.069000,-2.580000,0.000000
0.676000,1.005000,0.005000,0.031000,27.695000,-4.244000,-5.160000,0.000000
0.684000,0.989000,-0.035000,0.054000,30.672000,-4.916000,-7.298000,0.000000
0.701000,1.000000,0.000000,0.051000,32.840000,-5.695000,-7.985000,0.000000
0.720000,0.974000,0.037000,0.028000,31.511000,-4.977000,-10.061000,0.000000
0.729000,0.954000,0.049000,0.011000,30.000000,-6.855000,-8.977000,0.000000
0.733000,0.948000,0.072000,0.002000,28.260000,-8.107000,-6.168000,0.000000
0.741000,0.967000,0.078000,0.001000,26.046000,-7.084000,-1.374000,0.000000
0.759000,1.014000,0.084000,0.040000,24.046000,-3.481000,1.939000,0.000000
0.766000,1.010000,0.079000,0.028000,24.351000,-1.252000,3.328000,0.000000
0.779000,1.015000,0.073000,0.052000,23.511000,1.939000,7.496000,0.000000
0.787000,1.002000,0.124000,0.018000,19.786000,3.466000,13.511000,0.000000
0.795000,0.975000,0.068000,0.017000,18.779000,3.817000,11.450000,0.000000
0.803000,0.974000,0.073000,0.010000,17.756000,3.557000,9.450000,0.000000
0.820000,0.985000,0.085000,0.008000,18.122000,2.321000,4.901000,0.000000
0.828000,0.982000,0.096000,-0.007000,15.405000,-0.885000,1.328000,0.000000
0.837000,0.973000,0.075000,0.004000,10.076000,-3.863000,-0.382000,0.000000
0.846000,0.963000,0.056000,-0.018000,8.321000,-7.527000,-3.450000,0.000000
0.859000,0.979000,0.040000,0.014000,6.931000,-8.641000,-2.962000,0.000000
0.871000,0.993000,0.022000,0.025000,6.992000,-10.061000,-3.786000,0.000000
0.890000,1.019000,0.006000,0.049000,5.908000,-7.725000,-1.924000,0.000000
0.900000,1.031000,-0.008000,0.057000,8.901000,-5.298000,-2.840000,0.000000
0.911000,0.998000,-0.019000,0.025000,12.885000,-7.145000,-4.901000,0.000000
0.918000,0.968000,-0.031000,0.039000,15.267000,-8.504000,0.748000,0.000000
0.927000,0.995000,-0.049000,0.047000,20.687000,-6.611000,1.679000,0.000000
0.938000,0.987000,0.012000,-0.001000,23.084000,-5.588000,5.099000,0.000000
0.944000,0.973000,0.036000,-0.021000,21.908000,-3.710000,9.405000,0.000000
0.957000,0.987000,0.069000,-0.032000,18.107000,-2.611000,12.763000,0.000000
0.970000,0.998000,0.047000,-0.019000,14.550000,-1.939000,12.809000,0.000000
0.980000,1.011000,0.062000,-0.021000,11.832000,-2.748000,8.992000,0.000000
0.990000,1.047000,0.060000,-0.015000,9.832000,-3.481000,0.198000,0.000000
0.998000,1.053000,0.048000,-0.010000,11.344000,-7.450000,-9.237000,0.000000
1.006000,1.061000,0.049000,0.014000,13.969000,-9.221000,-19.084000,0.000000
1.020000,1.031000,0.070000,0.000000,15.557000,-10.718000,-19.740000,0.000000
1.029000,0.989000,0.021000,0.010000,16.397000,-11.038000,-21.511000,0.000000
1.040000,0.975000,0.036000,-0.006000,14.260000,-9.023000,-12.061000,0.000000
1.048000,0.978000,0.029000,-0.001000,11.069000,-5.069000,-3.740000,0.000000
1.060000,0.986000,0.052000,0.003000,7.053000,-1.069000,3.817000,0.000000
1.062000,0.988000,0.039000,0.016000,2.061000,2.031000,9.527000,0.000000
1.079000,1.035000,0.055000,0.040000,-5.435000,7.664000,13.954000,0.000000
