DeltaTime_s,AccelX,AccelY,AccelZ,GyroX,GyroY,GyroZ,Temp
0.000000,0.994,-0.306,-0.786,-29.786,4.351,34.534,30.13
0.007529,0.922,-0.257,-0.724,-34.168,-3.282,40.076,30.08
0.019057,0.925,-0.231,-0.659,-38.809,-14.580,42.931,30.13
0.031105,0.892,-0.192,-0.593,-43.374,-14.183,47.206,30.18
0.038151,0.783,-0.114,-0.540,-48.550,-4.336,47.450,30.22
0.050482,0.671,-0.023,-0.476,-55.344,7.282,41.710,30.13
0.057683,0.502,0.058,-0.448,-60.672,24.321,28.656,30.18
0.070340,0.375,0.138,-0.450,-62.412,46.229,9.786,30.13
0.077279,0.282,0.231,-0.485,-63.817,52.534,-16.626,29.99
0.089309,0.322,0.275,-0.565,-58.458,57.145,-50.473,30.13
0.095743,0.444,0.362,-0.641,-64.229,29.252,-68.794,30.18
0.109263,0.514,0.391,-0.752,-72.061,-25.069,-69.939,30.13
0.121027,0.669,0.406,-0.880,-80.565,-81.893,-74.473,30.04
0.127920,0.781,0.376,-1.042,-88.718,-106.840,-72.641,30.08
0.140176,0.988,0.346,-1.177,-84.458,-111.893,-49.618,30.13
0.146986,1.191,0.216,-1.317,-65.557,-94.229,-4.870,30.08
0.159489,1.201,0.131,-1.354,-33.374,-34.244,49.771,30.04
0.166755,1.000,0.194,-1.233,9.466,55.710,88.534,30.18
0.178932,0.597,0.402,-0.814,49.847,149.969,91.618,30.13
0.191179,0.204,0.665,-0.664,61.267,228.153,75.573,30.13
0.198952,-0.148,0.726,-0.714,40.733,222.046,55.511,30.18
0.210741,-0.425,0.812,-0.795,-17.573,173.588,34.198,30.13
0.217966,-0.510,0.776,-0.923,-76.962,95.817,11.099,30.18
0.230101,-0.435,0.631,-1.074,-86.137,-17.130,-3.267,30.13
0.236745,-0.326,0.568,-1.180,-89.115,-97.771,-13.374,30.18
0.249302,-0.140,0.444,-1.277,-70.794,-154.763,-9.740,30.22
0.261098,0.209,0.332,-1.259,-49.420,-203.939,-1.374,30.18
0.268315,0.653,0.160,-1.023,-24.122,-225.893,31.527,30.18
0.280482,0.771,0.219,-0.631,23.588,-174.321,78.565,30.13
0.287448,0.627,0.353,-0.423,73.405,-83.298,122.366,30.18
0.299881,0.346,0.457,-0.425,16.870,61.603,150.427,30.13
0.306973,-0.066,0.580,-0.614,2.458,106.031,162.809,30.18
0.318919,-0.459,0.590,-0.799,-18.611,122.122,158.290,30.13
0.330947,-0.673,0.549,-0.989,-37.786,117.466,140.351,30.18
0.338652,-0.730,0.479,-1.099,-31.267,77.649,118.321,30.18
0.350271,-0.660,0.420,-1.117,18.702,-19.573,96.443,30.13
0.357749,-0.513,0.352,-1.013,39.511,-73.817,79.023,30.18
0.369911,-0.306,0.263,-0.850,71.359,-110.412,65.771,30.13
0.376752,0.034,0.351,-0.506,107.130,-130.412,82.244,30.08
0.389358,0.031,0.312,-0.213,105.649,-65.206,44.168,30.04
0.401207,0.243,0.312,-0.306,92.046,68.580,69.786,30.18
0.408683,0.108,0.482,-0.232,75.618,103.603,119.740,30.18
0.420674,-0.164,0.569,-0.401,6.260,100.366,159.511,30.13
0.427898,-0.428,0.557,-0.747,-99.389,108.870,162.916,30.08
0.439702,-0.537,0.468,-1.179,-153.878,85.145,157.573,30.22
0.445882,-0.406,0.376,-1.440,-103.221,-33.603,153.618,30.08
0.459118,-0.192,0.300,-1.513,-70.244,-104.168,148.916,30.22
0.470702,-0.035,0.248,-1.450,-30.092,-150.000,146.672,30.18
0.477738,0.053,0.262,-1.249,-2.397,-178.977,149.939,30.08
0.490119,0.099,0.298,-1.044,26.031,-206.183,177.511,30.13
0.497439,-0.083,0.416,-0.850,29.420,-257.664,197.405,30.08
0.509367,-0.253,0.421,-0.838,25.160,-283.099,221.008,30.22
0.520950,-0.411,0.320,-0.916,34.809,-279.588,226.061,30.08
0.528459,-0.663,0.284,-0.899,38.519,-261.924,207.115,30.13
0.540161,-0.747,0.262,-0.835,63.908,-252.168,179.282,30.18
0.547621,-0.709,0.247,-0.684,79.649,-240.214,156.885,30.13
0.559285,-0.636,0.300,-0.592,77.527,-215.435,155.527,30.32
0.571084,-0.615,0.264,-0.598,64.702,-170.366,124.458,30.08
0.578698,-0.594,0.145,-0.720,53.832,-94.275,83.176,30.13
0.590498,-0.524,0.110,-0.829,45.618,-110.687,93.237,30.18
0.597445,-0.533,0.114,-0.780,43.679,-138.595,90.718,30.13
0.609944,-0.600,0.072,-0.814,21.634,-81.893,-1.389,30.08
0.617024,-0.608,-0.084,-0.996,74.000,6.733,-77.786,30.22
0.629329,-0.565,0.091,-0.682,113.710,-13.206,-67.756,30.13
0.641458,-0.665,0.147,-0.533,103.359,-17.206,-44.870,30.08
0.648037,-0.699,0.160,-0.404,36.046,14.229,-27.420,30.13
0.661204,-0.685,0.125,-0.365,28.061,8.412,-13.313,30.18
0.668450,-0.766,0.136,-0.334,25.725,-0.351,-7.527,30.13
0.680589,-0.796,0.118,-0.390,22.504,-3.374,-2.992,30.27
0.687242,-0.859,0.065,-0.511,9.954,5.588,-1.664,30.13
0.699877,-0.856,0.046,-0.654,1.908,10.321,-3.817,30.04
0.706972,-0.802,0.032,-0.753,0.580,8.183,-10.611,30.08
0.719339,-0.658,0.034,-0.796,2.489,7.420,-19.664,30.13
0.725710,-0.502,0.038,-0.824,3.267,2.687,-28.611,30.08
0.739367,-0.315,0.048,-0.834,2.473,4.183,-33.023,30.13
0.751278,-0.153,0.012,-0.886,-1.389,18.305,-30.779,30.18
0.758378,-0.053,-0.003,-0.960,-1.511,35.710,-18.092,30.13
0.770713,-0.023,-0.029,-1.005,-9.969,52.504,-8.595,30.18
0.777729,-0.053,-0.034,-1.033,-13.756,61.298,-12.000,30.18
0.790047,-0.088,-0.019,-1.052,-9.573,59.267,-15.878,30.13
0.796855,-0.123,-0.014,-1.026,-3.466,48.809,-15.069,30.18
0.809374,-0.144,0.018,-0.974,1.221,34.718,-13.878,30.13
0.821305,-0.181,0.037,-0.894,6.031,22.931,-13.328,30.18
0.828705,-0.203,0.050,-0.868,6.962,19.634,-14.076,30.13
0.840952,-0.200,0.046,-0.887,3.878,17.664,-12.336,30.08
0.848205,-0.193,0.034,-0.914,0.580,11.679,-5.588,30.18
0.860507,-0.203,0.024,-0.918,-0.870,6.122,1.511,30.13
0.867913,-0.243,0.021,-0.916,0.443,-2.534,6.061,30.18
0.880488,-0.305,0.033,-0.854,1.847,-9.649,3.710,30.13
0.888361,-0.277,0.031,-0.795,2.565,-10.641,-0.565,30.08
0.900045,-0.260,0.021,-0.765,4.015,-6.305,-2.061,30.22
0.907191,-0.262,0.036,-0.759,-0.198,2.595,-2.336,30.18
0.919845,-0.247,0.033,-0.767,-5.710,9.115,-4.107,30.08
0.927553,-0.235,0.013,-0.787,-9.634,13.221,-4.229,30.04
0.939115,-0.239,0.007,-0.831,-12.275,15.802,-3.802,30.08
0.951218,-0.271,-0.007,-0.864,-11.695,17.008,-3.191,30.13
0.958411,-0.328,-0.008,-0.877,-9.695,15.160,-6.733,30.08
0.970664,-0.340,0.002,-0.850,-5.924,11.450,-12.565,30.13
0.978016,-0.298,0.004,-0.806,-4.214,10.794,-14.992,30.08
0.990171,-0.283,-0.010,-0.812,-6.748,12.061,-14.107,30.18
0.997093,-0.307,-0.009,-0.815,-12.916,13.084,-13.557,30.13
1.009485,-0.328,0.008,-0.809,-18.580,15.969,-14.198,30.08
