DeltaTime_s,AccelX,AccelY,AccelZ,GyroX,GyroY,GyroZ,Temp
0.000000,-0.020,0.060,-0.846,-0.473,0.336,-3.832,30.04
0.007769,-0.025,0.060,-0.840,-0.779,1.084,-4.107,30.08
0.019523,-0.028,0.069,-0.846,-1.099,2.504,-4.611,30.13
0.027252,-0.018,0.067,-0.855,-0.992,3.740,-4.397,30.18
0.039336,-0.029,0.059,-0.857,-0.641,4.580,-4.458,30.13
0.047678,-0.031,0.062,-0.859,-0.260,4.427,-4.656,30.08
0.059475,-0.021,0.064,-0.860,-0.611,3.084,-4.885,30.08
0.066989,-0.017,0.059,-0.868,-0.977,-0.092,-4.840,30.04
0.078683,0.000,0.051,-0.843,-1.832,-1.176,-4.901,30.08
0.086448,0.016,0.046,-0.844,-2.870,-2.489,-4.275,29.94
0.098359,0.021,0.047,-0.838,-3.954,-3.023,-3.130,30.08
0.110614,0.014,0.047,-0.826,-4.229,-1.878,-2.672,30.04
0.118294,0.012,0.036,-0.835,-3.863,0.824,-2.809,30.08
0.130356,0.002,0.041,-0.841,-4.137,3.374,-3.038,29.99
0.138243,-0.008,0.051,-0.836,-4.260,5.405,-3.756,29.99
0.150169,0.003,0.060,-0.854,-4.336,6.366,-4.031,30.04
0.157820,0.017,0.051,-0.872,-3.878,6.473,-3.053,30.18
0.170173,0.007,0.049,-0.881,-2.733,5.878,-2.611,30.13
0.177643,-0.002,0.055,-0.874,-1.878,4.718,-2.672,30.08
0.189759,0.009,0.058,-0.865,-1.450,3.160,-2.718,30.04
0.197170,0.009,0.058,-0.861,-1.878,2.198,-2.947,30.08
0.209821,0.017,0.051,-0.855,-2.427,0.885,-3.145,30.04
0.217061,0.017,0.052,-0.857,-2.641,-0.046,-2.366,30.18
0.229965,0.025,0.047,-0.852,-2.290,0.489,-1.557,30.04
0.237357,0.019,0.049,-0.868,-1.634,1.527,-1.252,29.99
0.249502,0.025,0.045,-0.869,-0.702,1.817,-0.641,30.04
0.257202,0.016,0.045,-0.860,-0.382,2.107,-0.504,29.99
0.269435,0.021,0.042,-0.851,0.000,1.863,-0.260,30.04
0.276868,0.015,0.048,-0.839,-0.092,1.023,-0.198,30.08
0.289253,0.010,0.055,-0.836,-1.298,0.244,0.015,30.13
0.296924,-0.003,0.050,-0.837,-1.893,-0.244,0.244,30.08
0.308758,0.009,0.054,-0.835,-2.427,-0.427,0.366,30.04
0.316749,-0.001,0.062,-0.826,-2.336,-0.076,0.702,30.08
0.328519,-0.015,0.075,-0.825,-2.107,0.718,0.718,30.08
0.336324,-0.021,0.065,-0.833,-1.725,2.504,0.687,30.04
0.348384,-0.022,0.065,-0.839,-0.718,4.992,-0.809,30.08
0.360576,-0.005,0.080,-0.837,-0.458,6.641,-1.618,30.08
0.368425,-0.001,0.091,-0.842,-0.718,7.053,-1.908,29.99
0.380342,-0.002,0.093,-0.873,-0.733,5.771,-2.198,30.13
0.387949,-0.004,0.100,-0.857,-0.198,2.656,-2.534,30.18
0.400164,0.017,0.127,-0.863,0.214,-0.611,-2.183,30.13
0.407747,0.018,0.144,-0.845,0.519,-2.000,-2.382,29.99
0.420021,0.027,0.185,-0.848,0.992,-2.321,-3.069,29.94
0.427789,0.035,0.226,-0.821,1.588,1.802,-4.153,30.18
0.440023,0.056,0.278,-0.848,1.817,5.863,-6.183,30.04
0.447975,0.065,0.338,-0.875,3.573,8.305,-8.366,30.08
0.459971,0.071,0.419,-0.887,6.198,9.252,-11.954,30.04
0.467915,0.066,0.482,-0.903,8.031,6.168,-13.053,30.18
0.479790,0.040,0.539,-0.899,10.992,0.595,-14.885,30.04
0.487196,0.004,0.572,-0.856,16.046,-0.412,-16.137,29.99
0.499382,-0.030,0.588,-0.845,19.389,-6.504,-19.252,30.13
0.506590,0.013,0.547,-0.817,23.573,-11.420,-23.206,30.08
0.519206,0.152,0.590,-0.694,26.687,-2.107,-28.321,30.04
0.526246,0.250,0.644,-0.622,24.962,15.802,-31.969,30.08
0.538295,0.286,0.689,-0.619,18.901,34.962,-30.947,30.13
0.550364,0.224,0.727,-0.682,12.275,49.328,-31.313,30.18
0.558050,0.154,0.781,-0.755,7.588,51.145,-35.802,30.04
0.570188,0.140,0.790,-0.854,5.832,38.351,-40.824,30.08
0.578263,0.155,0.861,-0.855,5.023,21.527,-47.069,30.04
0.590106,0.127,0.696,-0.950,8.214,6.931,-41.557,29.99
0.597544,0.043,0.569,-0.974,15.710,-6.244,-40.076,30.04
0.609459,0.098,0.582,-0.833,25.802,-9.023,-45.008,29.99
0.617099,0.197,0.677,-0.624,30.504,2.656,-48.046,30.13
0.629142,0.169,0.712,-0.490,18.855,14.656,-52.885,30.13
0.636658,0.099,0.700,-0.522,3.878,30.519,-47.069,30.08
0.649023,0.082,0.692,-0.559,-13.847,29.969,-54.092,30.13
0.660534,0.174,0.552,-0.670,-14.763,35.359,-44.977,30.18
0.668178,0.238,0.418,-0.675,-23.664,46.702,-15.985,30.08
0.680219,0.159,0.206,-0.803,-31.756,57.344,11.160,29.99
0.687565,-0.005,0.059,-0.875,-31.588,68.901,25.115,30.13
0.699797,-0.145,0.012,-0.860,-24.290,80.626,28.183,29.99
0.708010,-0.241,-0.172,-0.962,-14.382,73.863,34.504,30.04
0.719188,-0.302,-0.230,-0.955,-7.603,29.985,40.809,30.08
0.726359,-0.188,-0.351,-0.921,2.412,-12.061,41.664,30.13
0.738176,-0.059,-0.431,-0.810,-10.702,-59.969,47.053,29.99
0.750731,0.088,-0.570,-0.778,-11.527,-85.496,48.183,30.08
0.757479,0.190,-0.813,-0.807,-6.916,-98.366,49.542,30.18
0.769542,0.143,-0.851,-0.731,-1.313,-70.397,42.733,29.94
0.777208,0.160,-0.751,-0.560,3.969,-30.763,26.870,29.99
0.789064,-0.073,-0.613,-0.454,-7.771,19.130,6.183,30.04
0.796773,-0.245,-0.466,-0.487,-24.672,55.221,-9.313,30.18
0.808627,-0.407,-0.461,-0.694,-46.046,45.435,-27.847,30.04
0.820183,-0.411,-0.503,-0.920,-46.015,17.099,-37.481,29.99
0.828073,-0.289,-0.518,-1.058,-48.076,-17.908,-41.985,30.04
0.839495,-0.029,-0.738,-1.320,-34.885,-56.702,-36.748,30.08
0.847024,0.230,-0.786,-1.428,-30.107,-85.405,-16.290,30.13
0.858701,0.407,-0.701,-1.073,-45.282,-78.336,36.931,30.18
0.870440,0.324,-0.761,-1.329,-20.931,-69.313,18.076,30.04
0.878096,0.475,-0.796,-1.135,7.542,-36.092,24.718,30.08
0.890249,0.215,-0.547,-0.931,9.878,-2.321,11.573,30.04
0.897824,0.053,-0.463,-0.868,5.878,26.519,4.947,29.99
0.910058,-0.087,-0.437,-0.922,-4.137,23.863,10.092,30.22
0.917511,-0.131,-0.440,-0.938,-11.481,6.550,5.176,30.08
0.929300,-0.084,-0.446,-0.970,-13.084,-2.046,2.718,30.13
0.936530,-0.052,-0.408,-1.020,-13.603,-10.229,10.885,29.99
0.948639,-0.089,-0.386,-1.114,-6.870,-8.107,10.885,30.04
0.960598,-0.103,-0.380,-1.197,7.405,-6.260,5.725,30.08
0.968381,-0.087,-0.291,-1.153,20.870,-7.542,8.397,30.13
0.980281,-0.136,-0.177,-1.061,25.298,-3.099,1.817,30.08
0.987485,-0.112,-0.035,-0.929,26.427,-1.359,-0.779,30.04
0.999888,-0.164,0.003,-0.880,20.748,-7.344,2.580,29.99
1.007417,-0.184,0.035,-0.867,14.092,-7.969,-3.420,30.08
