DeltaTime_s,AccelX,AccelY,AccelZ,GyroX,GyroY,GyroZ,Temp
0.000000,0.022,0.089,-0.847,-4.718,2.443,0.076,31.26
0.012791,0.010,0.080,-0.861,-4.412,4.885,0.214,31.21
0.019567,-0.004,0.083,-0.859,-4.534,5.603,0.061,31.21
0.032145,-0.024,0.084,-0.868,-3.679,4.534,-1.328,31.21
0.039647,-0.014,0.093,-0.852,-3.557,1.786,-2.153,31.12
0.051258,0.013,0.102,-0.829,-4.260,-0.015,-2.122,31.17
0.058773,0.021,0.102,-0.834,-5.176,-0.733,-1.344,31.21
0.071070,0.020,0.097,-0.845,-5.847,1.557,-1.649,31.17
0.078764,0.009,0.105,-0.856,-5.328,2.504,-2.550,31.21
0.090822,0.001,0.114,-0.853,-5.176,3.359,-2.840,31.17
0.097027,0.001,0.109,-0.871,-4.611,5.542,-2.198,31.21
0.110582,0.013,0.111,-0.867,-5.145,4.962,-2.153,31.21
0.122461,-0.021,0.092,-0.877,-4.000,4.504,-2.198,31.26
0.130306,-0.007,0.104,-0.866,-3.939,4.702,-3.939,31.12
0.142245,0.013,0.107,-0.873,-4.137,2.443,-4.351,31.26
0.150683,0.026,0.091,-0.887,-3.878,0.519,-4.168,31.21
0.162010,0.039,0.087,-0.877,-4.977,-1.557,-3.130,31.17
0.170034,0.051,0.089,-0.865,-4.702,-1.481,-2.611,31.12
0.182529,0.051,0.093,-0.855,-2.809,0.321,-1.618,31.26
0.191004,0.049,0.083,-0.857,-3.313,1.160,-0.718,31.17
0.201692,0.033,0.075,-0.858,-4.305,2.137,-0.031,31.21
0.209589,0.028,0.083,-0.861,-4.153,5.756,-1.527,31.17
0.221810,0.055,0.092,-0.888,-5.130,6.916,-2.275,31.21
0.229807,0.049,0.094,-0.885,-2.550,6.626,-0.687,31.17
0.241596,0.056,0.115,-0.875,-2.214,7.328,-0.763,31.12
0.249157,0.044,0.130,-0.874,-1.282,6.214,-0.458,31.17
0.261326,0.032,0.135,-0.866,-0.595,2.534,-0.458,31.21
0.270906,0.015,0.147,-0.865,-0.763,0.397,-1.756,31.26
0.280938,0.023,0.188,-0.835,-1.954,1.634,-3.328,31.26
0.288814,0.036,0.217,-0.843,-3.160,3.832,-3.756,31.21
0.300854,0.025,0.222,-0.884,-3.695,7.802,-4.092,31.17
0.307997,0.017,0.270,-0.885,-4.824,12.305,-7.695,31.12
0.320276,0.015,0.292,-0.909,-2.916,14.641,-9.695,31.26
0.327937,0.047,0.319,-0.906,-0.183,11.099,-9.771,31.21
0.340308,0.069,0.335,-0.887,3.710,6.595,-8.244,31.26
0.348127,0.082,0.337,-0.880,6.412,6.214,-6.611,31.31
0.360207,0.109,0.323,-0.897,9.985,4.092,-4.977,31.07
0.367904,0.126,0.340,-0.856,12.626,4.550,-4.107,31.17
0.379943,0.117,0.332,-0.856,16.122,4.702,-1.924,31.31
0.392113,0.101,0.321,-0.845,19.481,1.771,-2.092,31.31
0.399956,0.080,0.321,-0.799,21.313,1.145,-3.435,31.21
0.411960,0.055,0.335,-0.745,24.107,-1.084,-4.092,31.26
0.419559,0.011,0.337,-0.702,25.710,-3.313,-4.427,31.21
0.431891,-0.029,0.331,-0.693,23.710,-3.069,-7.176,31.17
0.439420,-0.036,0.334,-0.678,19.802,1.282,-11.038,31.12
0.451384,-0.033,0.337,-0.688,17.099,8.076,-14.137,31.17
0.458696,-0.030,0.309,-0.719,14.244,13.725,-16.336,31.21
0.471213,0.011,0.321,-0.737,11.832,14.183,-19.405,31.21
0.478612,0.030,0.299,-0.798,9.603,12.290,-20.626,31.26
0.490663,0.062,0.281,-0.829,8.046,5.771,-21.328,31.21
0.498438,0.072,0.276,-0.847,7.573,-0.824,-22.366,31.17
0.510575,0.091,0.238,-0.901,8.931,-3.863,-19.038,31.12
0.516572,0.086,0.219,-0.941,13.252,-6.397,-15.420,31.17
0.529969,0.052,0.282,-0.871,14.351,-4.382,-15.664,31.21
0.542088,-0.024,0.273,-0.858,14.763,0.092,-11.450,31.26
0.549475,-0.093,0.334,-0.754,10.366,-1.496,-14.809,31.12
0.561395,-0.121,0.338,-0.743,-2.107,6.733,-16.305,31.21
0.568838,-0.093,0.252,-0.852,-17.679,12.840,-14.198,31.17
0.581123,-0.085,0.291,-0.838,-28.794,5.588,-13.328,31.12
0.588056,-0.037,0.231,-0.931,-39.328,9.115,-12.443,31.17
0.600330,0.055,0.104,-1.084,-38.702,8.565,-6.244,31.21
0.608120,0.113,0.064,-1.148,-34.885,4.382,-1.069,31.26
0.620475,0.164,0.014,-1.178,-26.107,4.229,4.000,31.21
0.632285,0.129,-0.041,-1.175,-3.786,-5.145,10.290,31.26
0.639561,0.121,-0.025,-1.076,10.519,-8.107,10.550,31.21
0.651974,0.145,-0.043,-0.966,25.405,-7.939,15.359,31.17
0.659728,0.112,-0.038,-0.857,41.206,-8.275,16.489,31.21
0.671570,0.126,-0.021,-0.715,36.031,-3.481,27.115,31.21
0.679248,0.080,-0.044,-0.681,34.000,7.878,28.153,31.12
0.691060,0.000,-0.081,-0.683,24.611,15.298,22.992,31.21
0.698253,-0.068,-0.087,-0.670,20.504,30.794,13.511,31.26
0.710456,-0.069,-0.121,-0.726,14.473,44.992,2.748,31.31
0.718187,-0.036,-0.122,-0.764,10.916,44.214,-3.786,31.17
0.730579,0.013,-0.245,-0.890,9.618,35.710,-0.550,31.21
0.742242,0.082,-0.259,-0.920,11.038,20.992,0.809,31.17
0.750209,0.115,-0.214,-0.853,12.244,11.252,3.679,31.12
0.761990,0.122,-0.248,-0.880,16.382,3.084,11.679,31.26
0.769423,0.095,-0.215,-0.825,17.206,-5.573,13.908,31.21
0.781845,0.067,-0.130,-0.747,14.840,-5.405,13.313,31.21
0.789164,-0.025,-0.111,-0.775,13.954,3.237,14.336,31.26
0.801199,-0.143,-0.113,-0.835,11.053,9.908,8.504,31.12
0.808821,-0.176,-0.091,-0.909,9.893,4.122,3.481,31.26
0.820975,-0.187,-0.202,-1.016,9.115,-5.985,-3.374,31.21
0.828078,-0.143,-0.231,-1.058,8.229,-14.137,-16.290,31.17
0.840221,0.026,-0.236,-1.017,15.176,-20.489,-23.053,31.21
0.851975,0.067,-0.172,-0.999,27.542,-21.053,-12.641,31.17
0.859646,0.072,-0.227,-1.056,37.756,-14.626,-8.229,31.31
0.871753,0.047,-0.214,-1.058,47.221,-10.290,0.351,31.17
0.879491,-0.163,-0.264,-1.087,57.893,-16.962,-3.542,31.12
0.890848,-0.235,-0.234,-0.986,64.992,-32.351,-25.924,31.12
0.898490,-0.127,-0.262,-0.897,69.817,-56.901,-43.542,31.21
0.910102,0.208,-0.325,-0.812,75.496,-78.962,-40.565,31.31
0.922099,0.451,-0.441,-0.760,77.038,-83.252,-24.779,31.17
0.929776,0.543,-0.464,-0.633,73.893,-78.382,-7.450,31.12
0.941880,0.416,-0.437,-0.500,73.420,-64.947,4.794,31.17
0.950033,0.260,-0.379,-0.437,79.618,-60.977,5.695,31.21
0.961045,0.126,-0.399,-0.345,65.573,-54.366,0.916,31.17
0.968214,0.118,-0.304,-0.268,43.420,-48.168,-10.656,31.12
0.980358,0.141,-0.305,-0.277,14.458,-29.817,-2.550,31.17
0.987844,0.094,-0.300,-0.345,-5.557,-23.130,2.382,31.17
1.000254,0.115,-0.306,-0.458,-19.130,-16.901,7.038,31.21
