DeltaTime_s,AccelX,AccelY,AccelZ,GyroX,GyroY,GyroZ,Temp
0.000000,1.032000,0.108000,-0.140000,-1.481000,2.061000,3.817000,0.000000
0.020000,0.797000,-0.004000,0.329000,18.198000,38.947000,112.198000,0.000000
0.051000,0.842000,-0.539000,0.518000,-1.817000,-26.504000,5.985000,0.000000
0.070000,0.943000,-0.467000,0.519000,1.954000,-18.595000,1.176000,0.000000
0.089000,0.971000,-0.425000,0.495000,-0.076000,-6.351000,-8.443000,0.000000
0.102000,0.908000,-0.467000,0.480000,-0.718000,-2.260000,-11.618000,0.000000
0.121000,0.817000,-0.512000,0.480000,1.023000,-0.137000,-9.771000,0.000000
0.141000,0.788000,-0.463000,0.478000,3.389000,-0.565000,-9.420000,0.000000
0.160000,0.709000,-0.389000,0.436000,2.031000,-1.786000,-15.328000,0.000000
0.191000,0.607000,-0.424000,0.401000,-2.137000,-9.023000,-14.840000,0.000000
0.211000,0.594000,-0.389000,0.384000,0.916000,-8.824000,-20.931000,0.000000
0.230000,0.499000,-0.312000,0.348000,5.817000,-4.061000,-35.725000,0.000000
0.249000,0.259000,-0.253000,0.287000,-2.336000,-8.412000,-47.099000,0.000000
0.262000,0.166000,-0.324000,0.269000,-9.359000,-21.023000,-45.679000,0.000000
0.280000,0.171000,-0.557000,0.257000,-8.809000,-51.542000,-30.870000,0.000000
0.312000,0.463000,-0.303000,0.254000,3.618000,-68.321000,-27.756000,0.000000
0.331000,0.564000,-0.333000,0.259000,-0.382000,-71.008000,-36.809000,0.000000
0.350000,0.689000,-0.333000,0.240000,4.107000,-71.725000,-45.847000,0.000000
0.362000,0.738000,-0.275000,0.240000,7.344000,-68.718000,-50.855000,0.000000
0.381000,0.742000,-0.165000,0.240000,3.740000,-60.305000,-61.939000,0.000000
0.400000,0.705000,-0.228000,0.200000,-2.489000,-58.305000,-64.046000,0.000000
0.432000,0.716000,-0.250000,0.164000,-5.313000,-62.229000,-55.511000,0.000000
0.451000,0.675000,-0.206000,0.181000,-4.870000,-68.397000,-61.374000,0.000000
0.470000,0.770000,-0.155000,0.117000,-5.252000,-73.985000,-62.489000,0.000000
0.482000,0.864000,-0.145000,0.117000,-5.511000,-75.130000,-59.313000,0.000000
0.501000,0.863000,-0.202000,0.076000,8.153000,-79.847000,-73.740000,0.000000
0.520000,0.840000,-0.047000,0.030000,16.244000,-91.282000,-78.015000,0.000000
0.551000,1.115000,0.245000,0.054000,-7.298000,-91.664000,-79.496000,0.000000
0.570000,1.203000,0.235000,0.032000,-15.435000,-81.206000,-83.053000,0.000000
0.589000,1.199000,0.182000,-0.061000,-21.710000,-74.489000,-84.168000,0.000000
0.601000,1.160000,0.081000,-0.083000,-22.916000,-78.031000,-82.763000,0.000000
0.620000,1.208000,0.009000,-0.117000,-26.198000,-83.527000,-62.962000,0.000000
0.651000,1.352000,-0.064000,-0.198000,-16.183000,-87.237000,-50.046000,0.000000
0.670000,1.533000,0.028000,-0.199000,-13.939000,-82.748000,-47.740000,0.000000
0.682000,1.626000,-0.014000,-0.156000,-12.412000,-74.122000,-49.817000,0.000000
0.701000,1.648000,-0.073000,-0.106000,0.397000,-51.969000,-60.534000,0.000000
0.732000,1.442000,0.054000,-0.184000,12.962000,-35.969000,-61.832000,0.000000
0.751000,1.345000,0.058000,-0.204000,11.420000,-37.053000,-50.473000,0.000000
0.770000,1.394000,0.070000,-0.180000,11.145000,-40.382000,-38.824000,0.000000
0.782000,1.439000,0.100000,-0.154000,11.573000,-38.672000,-35.954000,0.000000
0.802000,1.471000,0.140000,-0.144000,14.519000,-25.695000,-38.000000,0.000000
0.820000,1.406000,0.222000,-0.186000,13.420000,-13.038000,-39.313000,0.000000
0.851000,1.260000,0.129000,-0.219000,1.618000,-19.588000,-21.145000,0.000000
0.870000,1.325000,0.093000,-0.182000,0.443000,-23.466000,-5.359000,0.000000
0.890000,1.338000,0.108000,-0.187000,3.405000,-21.176000,0.794000,0.000000
0.909000,1.320000,0.143000,-0.212000,0.641000,-12.015000,5.038000,0.000000
0.922000,1.275000,0.130000,-0.225000,-0.122000,-10.504000,3.832000,0.000000
0.941000,1.291000,0.138000,-0.207000,-3.221000,-0.504000,5.221000,0.000000
0.961000,1.184000,0.079000,-0.211000,-0.122000,6.519000,1.588000,0.000000
0.981000,1.113000,0.060000,-0.216000,0.733000,10.458000,10.198000,0.000000
1.001000,1.030000,0.088000,-0.213000,6.092000,6.870000,10.504000,0.000000
1.027000,0.962000,0.139000,-0.222000,5.145000,4.015000,16.901000,0.000000
1.052000,0.986000,0.191000,-0.206000,1.511000,1.985000,17.221000,0.000000
1.072000,0.982000,0.190000,-0.179000,-2.000000,1.908000,13.817000,0.000000
1.091000,0.938000,0.216000,-0.177000,-7.008000,-0.794000,12.824000,0.000000
1.110000,0.956000,0.135000,-0.218000,-10.763000,-3.160000,9.527000,0.000000
1.130000,1.002000,0.055000,-0.184000,-10.031000,0.489000,10.870000,0.000000
1.149000,0.988000,0.025000,-0.183000,-2.763000,6.427000,6.229000,0.000000
1.162000,0.971000,0.049000,-0.203000,-0.824000,7.359000,3.756000,0.000000
1.181000,0.961000,0.083000,-0.217000,0.916000,11.496000,3.008000,0.000000
1.201000,0.907000,0.063000,-0.206000,2.260000,8.763000,2.870000,0.000000
1.221000,0.910000,0.107000,-0.190000,5.725000,2.229000,1.588000,0.000000
1.241000,0.913000,0.106000,-0.203000,3.710000,-2.000000,6.092000,0.000000
1.260000,0.972000,0.132000,-0.193000,1.893000,-3.527000,6.076000,0.000000
1.280000,1.013000,0.099000,-0.193000,0.809000,-0.916000,3.649000,0.000000
1.300000,1.033000,0.075000,-0.168000,3.527000,5.511000,0.168000,0.000000
1.320000,0.974000,0.111000,-0.193000,5.282000,7.695000,-1.664000,0.000000
1.340000,0.966000,0.102000,-0.180000,4.611000,4.489000,4.672000,0.000000
1.360000,0.973000,0.092000,-0.201000,5.969000,3.130000,6.000000,0.000000
1.392000,0.958000,0.104000,-0.210000,5.359000,-0.718000,7.496000,0.000000
1.411000,0.994000,0.131000,-0.217000,0.489000,-2.550000,8.534000,0.000000
1.431000,1.018000,0.099000,-0.220000,-1.527000,-3.084000,3.969000,0.000000
1.451000,1.019000,0.039000,-0.201000,-0.840000,0.244000,5.221000,0.000000
1.470000,0.952000,0.070000,-0.237000,2.870000,-2.290000,-2.901000,0.000000
1.490000,0.951000,0.108000,-0.237000,-0.580000,-5.679000,1.939000,0.000000
1.502000,0.973000,0.082000,-0.208000,-1.603000,-5.603000,4.794000,0.000000
1.522000,0.995000,0.072000,-0.200000,-0.809000,-5.053000,5.023000,0.000000
1.541000,1.012000,0.060000,-0.198000,0.168000,-1.756000,4.702000,0.000000
1.561000,0.988000,0.094000,-0.228000,-0.656000,1.588000,3.328000,0.000000
1.581000,0.985000,0.118000,-0.232000,-2.656000,0.137000,1.130000,0.000000
1.600000,0.978000,0.065000,-0.201000,-2.733000,-0.534000,0.534000,0.000000
1.632000,0.990000,0.100000,-0.205000,0.931000,-2.916000,-1.695000,0.000000
1.651000,1.029000,0.137000,-0.195000,-1.740000,-2.550000,-0.611000,0.000000
1.671000,1.033000,0.094000,-0.193000,-1.557000,-1.542000,-4.397000,0.000000
1.690000,0.989000,0.053000,-0.192000,-1.282000,1.786000,-1.206000,0.000000
1.710000,1.015000,0.092000,-0.226000,-0.763000,-1.405000,2.611000,0.000000
1.722000,1.056000,0.093000,-0.222000,-2.504000,-0.595000,5.084000,0.000000
1.742000,1.072000,0.089000,-0.202000,-4.626000,2.198000,2.763000,0.000000
1.762000,0.994000,0.062000,-0.217000,-2.855000,2.611000,0.626000,0.000000
1.782000,0.989000,0.047000,-0.228000,-3.038000,0.962000,7.557000,0.000000
1.801000,1.028000,0.099000,-0.225000,-0.275000,0.321000,5.206000,0.000000
1.820000,0.994000,0.076000,-0.227000,-1.634000,4.672000,5.985000,0.000000
1.840000,0.965000,0.110000,-0.249000,-2.000000,-0.244000,3.969000,0.000000
1.860000,0.996000,0.080000,-0.216000,-3.603000,1.527000,7.832000,0.000000
1.880000,0.987000,0.056000,-0.193000,0.290000,3.542000,7.237000,0.000000
1.912000,0.970000,0.136000,-0.215000,-2.489000,8.275000,5.237000,0.000000
1.931000,0.919000,0.146000,-0.247000,-4.137000,3.939000,1.435000,0.000000
1.951000,0.931000,0.082000,-0.217000,-7.573000,2.351000,6.198000,0.000000
1.971000,0.948000,0.069000,-0.217000,-4.565000,-0.305000,5.145000,0.000000
1.990000,0.981000,0.047000,-0.209000,-2.748000,0.977000,6.458000,0.000000
