DeltaTime_s,AccelX,AccelY,AccelZ,GyroX,GyroY,GyroZ,Temp
0.000000,-0.058,0.137,-0.498,-181.588,-96.962,-43.344,25.05
0.008092,-0.014,0.187,-0.635,-171.588,-93.298,-41.145,25.05
0.018525,-0.051,0.193,-0.767,-174.519,-92.473,-40.901,25.09
0.025602,-0.009,0.229,-0.807,-175.374,-84.397,-39.985,25.05
0.037649,0.010,0.296,-0.877,-177.939,-69.618,-43.985,25.00
0.048998,0.029,0.382,-1.081,-178.595,-59.725,-53.573,25.05
0.056957,0.087,0.381,-1.241,-171.878,-60.916,-55.771,25.05
0.068230,0.086,0.294,-1.503,-152.336,-66.397,-46.290,25.09
0.076100,0.232,0.107,-1.666,-105.252,-68.931,-36.947,24.95
0.087578,0.222,0.412,-1.748,-86.809,-76.015,-23.847,25.00
0.099065,0.362,0.195,-1.912,-66.626,-81.756,-11.481,25.05
0.107364,0.311,0.251,-1.699,-39.267,-52.366,-6.275,24.95
0.118571,0.240,0.301,-1.580,-44.885,-35.359,3.450,25.00
0.126398,0.110,0.153,-1.517,-55.252,6.733,-1.023,25.05
0.138035,0.117,0.158,-1.603,-53.420,25.527,-5.496,25.00
0.145531,-0.034,0.080,-1.673,-53.267,17.588,-9.771,25.05
0.157393,-0.151,0.107,-1.453,-35.939,-0.687,-19.618,25.05
0.169171,-0.118,-0.364,-1.505,-2.336,-7.878,-12.183,25.00
0.176805,-0.100,0.117,-1.394,-29.679,-14.809,-22.229,24.95
0.188644,0.340,0.190,-1.996,-79.786,58.748,-104.183,25.09
0.196127,1.535,0.997,-2.917,-128.183,56.046,-281.908,25.05
0.208029,0.397,0.461,-1.651,97.328,44.076,13.298,25.09
0.215521,-0.580,0.064,-0.625,168.550,30.931,84.840,25.09
0.227582,-0.295,0.084,-0.434,73.405,19.969,46.000,24.95
0.236056,-0.212,0.040,-0.571,34.931,-40.947,36.534,25.00
0.247138,-0.028,-0.083,-0.762,11.740,-15.130,4.855,25.05
0.259569,0.039,0.005,-0.728,-16.244,18.672,-28.504,25.09
0.268336,0.147,0.038,-0.795,-43.237,17.130,-27.496,25.09
0.278740,0.180,0.070,-0.777,-30.412,0.260,-24.153,25.05
0.286903,0.212,0.077,-0.803,-20.198,-13.954,-17.267,24.91
0.298158,0.227,0.125,-0.780,-20.626,-22.947,-4.595,25.05
0.306266,0.232,0.128,-0.766,-33.649,-6.565,-10.611,25.00
0.318686,0.207,0.144,-0.801,-45.557,2.229,-19.740,25.09
0.329302,0.171,0.147,-0.814,-53.023,7.908,-22.473,25.05
0.337570,0.144,0.216,-0.878,-53.344,2.031,-20.718,25.09
0.348963,0.145,0.161,-0.862,-26.275,6.885,-18.214,24.95
0.356876,0.146,0.174,-0.821,-21.267,-1.542,-13.023,25.00
0.368694,0.193,0.172,-0.853,-22.672,-6.458,-9.405,24.95
0.376591,0.170,0.168,-0.843,-16.275,-7.267,-7.328,25.05
0.388625,0.158,0.138,-0.848,-14.443,-1.863,-5.634,25.00
0.396474,0.133,0.162,-0.808,-14.977,-8.351,-1.542,25.05
0.407975,0.139,0.184,-0.802,-14.092,-4.443,-1.313,25.09
0.415633,0.147,0.145,-0.862,-11.542,-5.466,-1.725,24.95
0.427990,0.122,0.156,-0.849,-7.649,-2.855,0.550,25.05
0.436224,0.110,0.158,-0.832,-3.603,-2.870,1.878,25.00
0.448197,0.102,0.166,-0.809,-0.962,-1.954,2.458,25.05
0.454560,0.108,0.170,-0.810,-1.038,0.458,2.443,25.00
0.467362,0.111,0.179,-0.833,-3.191,3.649,2.076,24.95
0.474285,0.112,0.179,-0.828,-3.969,6.595,3.221,25.00
0.488099,0.101,0.187,-0.814,-3.573,7.099,3.237,25.00
0.494451,0.106,0.188,-0.810,-3.511,6.489,1.817,25.05
0.507703,0.107,0.188,-0.816,-4.061,6.031,-0.275,24.91
0.519916,0.111,0.190,-0.836,-3.237,4.977,-0.565,24.95
0.527303,0.114,0.179,-0.838,-1.160,3.832,-0.412,25.05
0.539504,0.127,0.173,-0.816,0.137,2.748,-0.885,25.00
0.547343,0.107,0.199,-0.794,-2.763,0.718,-2.107,24.95
0.559339,0.125,0.166,-0.808,-3.878,0.183,-2.534,25.00
0.567523,0.124,0.187,-0.830,-4.855,-0.275,-2.412,25.05
0.579439,0.134,0.180,-0.847,-3.405,-0.290,-1.817,25.00
0.587047,0.117,0.189,-0.809,-1.435,-2.962,-1.069,25.00
0.598795,0.125,0.183,-0.805,-3.053,-4.519,-2.382,25.05
0.606666,0.123,0.172,-0.819,-4.519,-4.595,-1.466,25.00
0.618686,0.138,0.158,-0.832,-4.290,-4.397,-1.771,25.05
0.626635,0.116,0.175,-0.817,-3.985,-4.641,-0.916,24.95
0.638536,0.109,0.169,-0.824,-4.748,-3.832,-1.191,25.05
0.646683,0.094,0.179,-0.789,-4.366,-3.237,-0.809,25.05
0.658239,0.125,0.183,-0.804,-6.458,-1.328,-1.954,25.00
0.666059,0.115,0.173,-0.826,-5.664,-2.504,-1.771,24.95
0.678727,0.121,0.176,-0.838,-3.618,-4.580,-0.977,25.00
0.686445,0.134,0.176,-0.829,-2.061,-6.412,-0.305,25.05
0.697645,0.123,0.167,-0.805,-1.038,-8.489,0.641,25.05
0.709576,0.115,0.165,-0.816,-1.176,-7.893,-0.183,25.00
0.718128,0.122,0.166,-0.821,-2.733,-6.015,-0.168,25.05
0.729270,0.114,0.171,-0.822,-4.305,-3.420,-0.321,25.00
0.737444,0.102,0.161,-0.818,-4.824,-1.527,-0.504,24.95
0.748906,0.101,0.158,-0.815,-5.069,-0.275,-1.679,25.09
0.756924,0.097,0.167,-0.813,-5.985,0.718,-2.336,25.00
0.769192,0.110,0.169,-0.826,-6.763,1.435,-2.626,24.95
0.776895,0.103,0.168,-0.833,-6.305,1.542,-2.290,25.00
0.788853,0.105,0.175,-0.829,-5.420,0.977,-2.351,25.05
0.796813,0.098,0.172,-0.817,-5.298,0.687,-2.382,25.00
0.808910,0.098,0.173,-0.807,-6.260,-0.473,-0.076,25.09
0.816707,0.113,0.183,-0.816,-6.519,2.260,-1.847,25.05
0.828311,0.105,0.179,-0.831,-7.053,3.496,-2.305,25.00
0.836570,0.107,0.185,-0.831,-6.382,3.679,-2.305,25.05
0.849207,0.120,0.175,-0.826,-5.252,3.237,-2.122,24.91
0.856483,0.116,0.183,-0.813,-4.244,2.550,-1.405,25.09
0.868641,0.109,0.180,-0.816,-3.527,2.000,-1.282,25.05
0.876138,0.121,0.178,-0.815,-2.901,1.252,-0.947,25.00
0.887775,0.112,0.187,-0.831,-1.954,1.145,-0.260,24.95
0.896515,0.101,0.182,-0.823,-1.893,1.008,-0.519,25.00
0.908391,0.093,0.176,-0.807,-3.573,1.725,-1.481,24.95
0.915430,0.100,0.189,-0.810,-5.710,2.733,-1.893,25.05
0.927392,0.110,0.181,-0.823,-6.076,2.763,-1.969,25.09
0.935492,0.104,0.178,-0.825,-5.023,2.611,-1.802,25.05
0.947221,0.103,0.177,-0.816,-4.336,1.206,-1.725,25.00
0.959240,0.114,0.183,-0.813,-4.321,-0.214,-1.282,24.95
0.967501,0.125,0.184,-0.816,-4.153,-0.916,-1.115,25.09
0.979045,0.119,0.182,-0.822,-3.756,-2.015,-0.641,25.00
0.986845,0.115,0.176,-0.816,-3.939,-2.260,-0.244,25.05
0.998835,0.109,0.179,-0.824,-3.817,-2.489,0.122,25.09
1.007264,0.109,0.189,-0.822,-4.031,-1.817,-0.290,25.05
