DeltaTime_s,AccelX,AccelY,AccelZ,GyroX,GyroY,GyroZ,Temp
0.000000,0.937000,0.048000,0.191000,-10.489000,-10.092000,-5.435000,0.000000
0.017000,0.925000,-0.031000,0.195000,-11.237000,-10.992000,-6.779000,0.000000
0.025000,0.924000,-0.079000,0.208000,-11.038000,-11.176000,-5.389000,0.000000
0.034000,0.925000,-0.110000,0.219000,-7.817000,-10.015000,-3.817000,0.000000
0.042000,0.894000,-0.113000,0.207000,-4.076000,-8.641000,-1.649000,0.000000
0.056000,0.853000,-0.089000,0.175000,-1.069000,-8.626000,0.031000,0.000000
0.066000,0.797000,0.020000,0.115000,-1.237000,-11.237000,3.298000,0.000000
0.082000,0.820000,0.025000,0.125000,-5.420000,-13.679000,2.031000,0.000000
0.096000,0.858000,0.022000,0.144000,-8.824000,-14.229000,-1.374000,0.000000
0.113000,0.856000,-0.036000,0.142000,-11.939000,-14.397000,-10.992000,0.000000
0.128000,0.821000,-0.055000,0.131000,-11.389000,-13.756000,-16.168000,0.000000
0.145000,0.826000,-0.044000,0.152000,-11.878000,-13.588000,-18.595000,0.000000
0.157000,0.813000,-0.076000,0.162000,-11.679000,-14.931000,-22.519000,0.000000
0.176000,0.809000,-0.111000,0.146000,-9.008000,-19.267000,-21.206000,0.000000
0.194000,0.827000,-0.126000,0.143000,-3.649000,-23.924000,-18.718000,0.000000
0.206000,0.816000,-0.115000,0.147000,0.198000,-25.817000,-17.740000,0.000000
0.227000,0.837000,-0.035000,0.146000,2.458000,-27.847000,-14.947000,0.000000
0.245000,0.899000,-0.024000,0.124000,1.145000,-31.115000,-13.527000,0.000000
0.261000,1.031000,-0.044000,0.110000,1.130000,-31.954000,-16.351000,0.000000
0.277000,1.042000,-0.051000,0.092000,3.618000,-31.389000,-21.420000,0.000000
0.285000,1.058000,-0.024000,0.077000,5.542000,-30.321000,-25.527000,0.000000
0.293000,1.084000,-0.023000,0.090000,5.985000,-27.053000,-27.496000,0.000000
0.302000,1.077000,-0.027000,0.113000,8.733000,-24.168000,-29.344000,0.000000
0.311000,1.039000,-0.008000,0.109000,11.588000,-21.939000,-30.214000,0.000000
0.327000,0.983000,0.004000,0.099000,12.763000,-20.809000,-26.473000,0.000000
0.334000,0.936000,0.027000,0.106000,13.099000,-21.115000,-19.878000,0.000000
0.345000,0.929000,0.067000,0.102000,12.733000,-22.305000,-11.908000,0.000000
0.351000,0.977000,0.118000,0.117000,11.863000,-22.473000,-9.053000,0.000000
0.367000,0.986000,0.174000,0.049000,7.710000,-24.947000,-16.290000,0.000000
0.377000,0.996000,0.155000,0.032000,5.496000,-29.542000,-20.626000,0.000000
0.394000,1.074000,0.136000,0.047000,2.366000,-28.519000,-20.992000,0.000000
0.417000,1.172000,0.073000,0.069000,3.099000,-24.962000,-23.252000,0.000000
0.432000,1.149000,0.064000,0.002000,3.191000,-24.519000,-18.885000,0.000000
0.443000,1.049000,0.049000,0.045000,10.366000,-9.710000,-16.626000,0.000000
0.449000,1.096000,0.096000,0.039000,8.718000,-21.573000,-16.824000,0.000000
0.460000,1.068000,0.130000,0.034000,12.458000,-15.405000,-11.817000,0.000000
0.473000,1.061000,0.175000,-0.001000,8.458000,-16.794000,-11.847000,0.000000
0.481000,1.069000,0.174000,-0.014000,7.847000,-16.809000,-13.725000,0.000000
0.494000,1.068000,0.176000,-0.014000,5.191000,-17.924000,-16.947000,0.000000
0.505000,1.076000,0.155000,-0.024000,2.427000,-17.191000,-16.763000,0.000000
0.509000,1.064000,0.124000,-0.028000,0.916000,-16.916000,-16.290000,0.000000
0.522000,1.053000,0.093000,-0.015000,1.313000,-17.924000,-14.702000,0.000000
0.530000,1.032000,0.074000,-0.008000,3.053000,-18.840000,-11.725000,0.000000
0.538000,1.018000,0.050000,-0.001000,5.542000,-18.153000,-4.198000,0.000000
0.555000,1.019000,0.056000,-0.001000,8.901000,-17.313000,2.137000,0.000000
0.563000,1.039000,0.102000,-0.013000,10.321000,-15.374000,7.618000,0.000000
0.571000,1.078000,0.156000,-0.025000,7.542000,-15.038000,8.244000,0.000000
0.579000,1.139000,0.196000,-0.015000,2.992000,-13.160000,1.450000,0.000000
0.595000,1.159000,0.203000,-0.025000,-0.718000,-11.939000,-13.053000,0.000000
0.610000,1.101000,0.105000,-0.025000,-4.656000,-12.626000,-30.092000,0.000000
0.627000,1.069000,0.059000,-0.018000,-3.649000,-10.824000,-28.809000,0.000000
0.633000,1.006000,0.038000,-0.007000,0.397000,-9.924000,-26.153000,0.000000
0.646000,0.958000,0.042000,-0.016000,4.672000,-9.191000,-18.992000,0.000000
0.652000,0.898000,0.061000,-0.035000,7.252000,-11.115000,-10.580000,0.000000
0.661000,0.898000,0.086000,-0.029000,7.481000,-13.847000,-3.084000,0.000000
0.672000,0.934000,0.116000,-0.031000,6.885000,-15.313000,1.634000,0.000000
0.685000,0.996000,0.121000,-0.025000,6.275000,-13.679000,3.985000,0.000000
0.694000,1.078000,0.133000,-0.017000,4.672000,-11.573000,3.420000,0.000000
0.703000,1.111000,0.149000,-0.036000,3.939000,-9.374000,-3.053000,0.000000
0.715000,1.114000,0.165000,-0.063000,1.573000,-7.573000,-8.794000,0.000000
0.735000,1.077000,0.164000,-0.058000,1.282000,-7.786000,-14.458000,0.000000
0.754000,1.013000,0.147000,-0.047000,0.656000,-5.802000,-18.351000,0.000000
0.761000,0.971000,0.115000,-0.055000,1.588000,-4.931000,-14.779000,0.000000
0.774000,0.940000,0.098000,-0.046000,2.687000,-4.366000,-7.863000,0.000000
0.786000,0.938000,0.078000,-0.062000,3.374000,-4.275000,0.702000,0.000000
0.801000,0.984000,0.058000,-0.045000,5.740000,-3.649000,18.336000,0.000000
0.807000,1.075000,0.088000,-0.033000,7.115000,-4.580000,18.565000,0.000000
0.826000,1.159000,0.165000,-0.020000,6.641000,-1.863000,8.656000,0.000000
0.843000,1.119000,0.201000,-0.070000,6.290000,-2.489000,-24.718000,0.000000
0.852000,1.057000,0.175000,-0.100000,3.756000,-2.733000,-30.931000,0.000000
0.864000,1.010000,0.134000,-0.095000,2.382000,-4.718000,-31.420000,0.000000
0.877000,0.956000,0.100000,-0.081000,3.084000,-6.870000,-28.153000,0.000000
0.896000,0.903000,0.093000,-0.065000,6.656000,-10.977000,-14.947000,0.000000
0.898000,0.883000,0.104000,-0.072000,9.267000,-14.580000,-8.107000,0.000000
0.915000,0.914000,0.136000,-0.068000,9.649000,-16.962000,-0.382000,0.000000
0.922000,0.947000,0.135000,-0.074000,10.824000,-18.656000,3.679000,0.000000
0.935000,1.007000,0.151000,-0.084000,11.282000,-18.656000,3.069000,0.000000
0.946000,1.063000,0.175000,-0.064000,10.626000,-16.916000,-0.076000,0.000000
0.954000,1.077000,0.172000,-0.063000,11.267000,-13.802000,-7.267000,0.000000
0.966000,1.040000,0.163000,-0.071000,11.267000,-11.634000,-13.557000,0.000000
0.970000,0.974000,0.167000,-0.095000,12.321000,-11.786000,-17.053000,0.000000
0.985000,0.928000,0.173000,-0.125000,10.962000,-14.321000,-15.695000,0.000000
0.990000,0.910000,0.174000,-0.134000,9.344000,-16.107000,-12.000000,0.000000
1.005000,0.928000,0.174000,-0.133000,8.992000,-19.450000,-11.344000,0.000000
1.015000,0.945000,0.164000,-0.142000,8.366000,-22.061000,-10.656000,0.000000
1.023000,0.969000,0.156000,-0.129000,7.863000,-22.611000,-9.130000,0.000000
1.034000,0.973000,0.148000,-0.146000,8.031000,-23.603000,-8.321000,0.000000
1.044000,1.008000,0.120000,-0.142000,8.351000,-23.389000,-8.595000,0.000000
1.055000,1.010000,0.112000,-0.146000,9.069000,-22.794000,-8.534000,0.000000
1.062000,1.061000,0.139000,-0.132000,8.489000,-21.374000,-10.870000,0.000000
1.075000,1.083000,0.142000,-0.103000,9.069000,-19.450000,-16.489000,0.000000
1.087000,1.082000,0.156000,-0.103000,10.366000,-18.198000,-22.763000,0.000000
1.095000,1.073000,0.160000,-0.106000,10.733000,-17.786000,-26.229000,0.000000
1.106000,0.963000,0.152000,-0.117000,10.534000,-17.282000,-23.649000,0.000000
1.110000,1.017000,0.148000,-0.151000,13.817000,-14.229000,-19.817000,0.000000
1.122000,1.025000,0.162000,-0.166000,12.000000,-18.321000,-16.855000,0.000000
1.136000,1.013000,0.156000,-0.175000,14.137000,-18.092000,-12.519000,0.000000
1.143000,1.018000,0.171000,-0.177000,15.374000,-17.634000,-8.992000,0.000000
1.155000,1.058000,0.190000,-0.176000,15.099000,-15.954000,-5.908000,0.000000
1.162000,1.126000,0.208000,-0.142000,14.702000,-12.427000,-8.153000,0.000000
