DeltaTime_s,AccelX,AccelY,AccelZ,GyroX,GyroY,GyroZ,Temp
0.000000,0.955000,0.033000,0.538000,-0.611000,4.321000,1.695000,0.000000
0.020000,0.856000,0.085000,0.752000,-29.267000,36.611000,-133.832000,0.000000
0.040000,1.064000,0.101000,0.283000,-10.565000,-20.183000,6.198000,0.000000
0.064000,1.073000,0.054000,0.312000,14.519000,-11.466000,13.756000,0.000000
0.084000,1.141000,0.167000,0.323000,14.168000,-12.397000,22.977000,0.000000
0.103000,1.198000,0.192000,0.333000,9.939000,-7.191000,16.382000,0.000000
0.123000,1.149000,0.195000,0.339000,4.534000,1.420000,12.931000,0.000000
0.143000,1.098000,0.160000,0.347000,7.115000,5.679000,8.763000,0.000000
0.163000,1.079000,0.186000,0.338000,8.015000,6.015000,5.237000,0.000000
0.183000,1.052000,0.205000,0.324000,2.550000,7.328000,1.802000,0.000000
0.202000,0.965000,0.159000,0.322000,-2.214000,5.359000,-2.260000,0.000000
0.222000,1.007000,0.141000,0.327000,-4.916000,0.962000,-1.649000,0.000000
0.242000,1.005000,0.122000,0.329000,-6.229000,1.206000,1.786000,0.000000
0.262000,0.993000,0.094000,0.342000,-5.435000,0.351000,0.534000,0.000000
0.280000,1.023000,0.104000,0.364000,-6.748000,1.527000,2.443000,0.000000
0.307000,1.030000,0.096000,0.360000,-5.206000,5.069000,2.229000,0.000000
0.326000,0.979000,0.062000,0.354000,3.893000,6.366000,-16.947000,0.000000
0.346000,0.925000,0.101000,0.353000,7.053000,4.550000,-17.511000,0.000000
0.366000,0.901000,0.115000,0.344000,5.069000,1.588000,-3.084000,0.000000
0.386000,0.951000,0.164000,0.363000,3.908000,-2.382000,-2.015000,0.000000
0.405000,1.010000,0.183000,0.340000,0.916000,0.122000,-0.702000,0.000000
0.425000,1.009000,0.166000,0.307000,-3.863000,0.198000,6.672000,0.000000
0.445000,1.039000,0.140000,0.267000,0.611000,-1.481000,5.664000,0.000000
0.465000,1.038000,0.217000,0.215000,1.176000,-4.595000,2.611000,0.000000
0.485000,1.140000,0.263000,0.169000,-6.443000,-5.710000,4.366000,0.000000
0.504000,1.248000,0.266000,0.137000,-14.458000,4.672000,-8.107000,0.000000
0.523000,1.129000,0.200000,0.146000,-18.824000,19.176000,-25.649000,0.000000
0.542000,1.000000,0.193000,0.064000,-27.374000,22.473000,-25.725000,0.000000
0.567000,1.063000,0.126000,0.024000,-38.015000,21.099000,-6.641000,0.000000
0.586000,1.115000,0.084000,0.067000,-32.748000,29.084000,-10.336000,0.000000
0.606000,1.068000,0.121000,0.123000,-26.931000,35.740000,-21.802000,0.000000
0.624000,1.054000,0.102000,0.108000,-22.061000,37.939000,-19.466000,0.000000
0.644000,1.074000,0.153000,0.089000,-27.389000,37.740000,-1.725000,0.000000
0.664000,1.059000,0.164000,0.204000,-28.275000,39.282000,-8.901000,0.000000
0.683000,1.010000,0.093000,0.275000,-27.038000,41.008000,-8.244000,0.000000
0.703000,1.121000,0.009000,0.277000,-13.908000,47.420000,2.244000,0.000000
0.727000,1.002000,0.100000,0.323000,-2.733000,50.183000,-2.611000,0.000000
0.746000,0.832000,0.151000,0.444000,-10.473000,39.084000,5.221000,0.000000
0.773000,0.874000,0.080000,0.548000,-13.786000,30.611000,16.076000,0.000000
0.785000,1.012000,0.015000,0.580000,-4.366000,35.130000,25.740000,0.000000
0.804000,0.917000,0.060000,0.630000,10.931000,37.557000,12.901000,0.000000
0.824000,0.854000,0.228000,0.723000,17.542000,35.084000,-0.244000,0.000000
0.843000,0.750000,0.253000,0.702000,14.076000,29.069000,5.267000,0.000000
0.864000,0.778000,0.206000,0.686000,9.511000,22.565000,21.344000,0.000000
0.883000,0.790000,0.199000,0.715000,12.107000,22.061000,31.023000,0.000000
0.903000,0.804000,0.286000,0.686000,14.672000,14.931000,17.603000,0.000000
0.922000,0.904000,0.317000,0.746000,10.763000,12.092000,-2.977000,0.000000
0.947000,0.839000,0.168000,0.730000,6.412000,12.015000,-7.542000,0.000000
0.967000,0.774000,0.093000,0.721000,3.496000,15.344000,19.710000,0.000000
0.987000,0.726000,0.055000,0.635000,14.687000,8.000000,36.092000,0.000000
1.006000,0.859000,0.157000,0.615000,20.275000,0.321000,21.450000,0.000000
1.025000,0.905000,0.187000,0.644000,19.786000,-3.221000,-0.229000,0.000000
1.045000,0.812000,0.182000,0.677000,22.672000,-8.641000,8.870000,0.000000
1.064000,0.758000,0.189000,0.613000,13.237000,-19.176000,43.191000,0.000000
1.084000,0.878000,0.098000,0.652000,4.504000,-25.252000,50.840000,0.000000
1.103000,0.940000,-0.019000,0.690000,8.351000,-25.374000,41.603000,0.000000
1.122000,0.883000,-0.102000,0.686000,21.344000,-20.015000,40.305000,0.000000
1.142000,0.857000,-0.157000,0.677000,29.099000,-21.145000,59.786000,0.000000
1.166000,0.830000,-0.033000,0.643000,35.863000,-22.565000,60.626000,0.000000
1.185000,0.850000,-0.017000,0.650000,43.511000,-27.130000,35.771000,0.000000
1.205000,0.828000,0.022000,0.635000,53.298000,-22.947000,13.771000,0.000000
1.223000,0.718000,-0.054000,0.619000,62.748000,-21.710000,22.275000,0.000000
1.243000,0.813000,0.193000,0.536000,72.382000,-25.710000,31.038000,0.000000
1.262000,0.983000,0.283000,0.586000,54.992000,-21.359000,16.305000,0.000000
1.282000,0.998000,0.251000,0.630000,47.115000,-18.947000,-8.824000,0.000000
1.306000,0.983000,0.097000,0.632000,28.626000,-12.901000,10.916000,0.000000
1.326000,1.019000,0.028000,0.690000,29.344000,-6.351000,21.237000,0.000000
1.345000,0.947000,0.088000,0.690000,28.534000,-2.336000,13.069000,0.000000
1.365000,0.906000,0.167000,0.717000,19.954000,-6.000000,2.641000,0.000000
1.385000,0.914000,0.165000,0.715000,0.336000,-11.389000,8.076000,0.000000
1.404000,0.985000,0.084000,0.678000,-14.885000,-15.344000,15.389000,0.000000
1.424000,1.016000,0.019000,0.627000,-18.183000,-12.305000,20.626000,0.000000
1.443000,1.032000,-0.018000,0.589000,-4.519000,1.038000,13.099000,0.000000
1.463000,0.921000,0.035000,0.517000,0.641000,9.511000,8.611000,0.000000
1.483000,0.903000,0.056000,0.504000,8.137000,13.359000,5.695000,0.000000
1.502000,0.904000,0.150000,0.467000,8.260000,14.397000,-2.977000,0.000000
1.522000,0.903000,0.145000,0.478000,-0.214000,11.466000,-4.870000,0.000000
1.547000,0.873000,0.044000,0.483000,-5.313000,10.351000,1.802000,0.000000
1.567000,0.873000,0.021000,0.476000,-8.122000,6.443000,2.427000,0.000000
1.586000,0.888000,-0.028000,0.445000,-4.427000,2.473000,-1.802000,0.000000
1.606000,0.958000,-0.042000,0.447000,1.115000,-0.595000,-0.458000,0.000000
1.625000,1.026000,0.058000,0.439000,4.427000,0.519000,2.427000,0.000000
1.645000,1.042000,0.086000,0.440000,0.748000,5.099000,7.664000,0.000000
1.665000,0.971000,0.075000,0.424000,0.794000,6.595000,-2.183000,0.000000
1.685000,0.943000,0.058000,0.442000,1.023000,5.084000,-0.305000,0.000000
1.705000,0.960000,0.051000,0.463000,0.855000,5.099000,3.634000,0.000000
1.725000,0.945000,0.061000,0.464000,-0.229000,3.664000,2.534000,0.000000
1.745000,0.986000,0.060000,0.498000,-0.947000,4.168000,-2.321000,0.000000
1.764000,0.952000,0.023000,0.491000,1.527000,6.229000,-3.771000,0.000000
1.785000,0.948000,0.015000,0.484000,2.901000,5.496000,2.046000,0.000000
1.805000,0.958000,0.055000,0.470000,6.244000,3.878000,1.527000,0.000000
1.825000,0.994000,0.081000,0.480000,5.557000,4.580000,-0.366000,0.000000
1.844000,0.971000,0.083000,0.488000,3.405000,5.908000,-2.809000,0.000000
1.864000,0.980000,0.077000,0.492000,2.916000,7.206000,1.145000,0.000000
1.884000,0.948000,0.059000,0.486000,3.954000,7.557000,3.145000,0.000000
1.905000,0.969000,0.079000,0.502000,5.282000,6.733000,4.855000,0.000000
1.925000,0.983000,0.107000,0.493000,4.809000,7.573000,0.794000,0.000000
1.945000,0.970000,0.137000,0.492000,-1.511000,6.550000,0.290000,0.000000
1.964000,0.946000,0.079000,0.483000,-2.794000,5.511000,-1.344000,0.000000
1.984000,0.957000,0.085000,0.495000,-2.076000,5.221000,2.214000,0.000000
