DeltaTime_s,AccelX,AccelY,AccelZ,GyroX,GyroY,GyroZ,Temp
0.000000,0.940000,0.132000,0.541000,-1.878000,-0.672000,3.802000,0.000000
0.019000,0.787000,0.102000,0.740000,-21.588000,31.588000,-0.733000,0.000000
0.039000,1.066000,0.091000,0.416000,50.794000,-32.198000,20.214000,0.000000
0.065000,1.007000,0.035000,0.385000,0.565000,5.557000,2.092000,0.000000
0.085000,0.985000,0.018000,0.377000,2.137000,4.611000,3.145000,0.000000
0.105000,0.985000,0.065000,0.375000,1.542000,5.588000,3.954000,0.000000
0.125000,0.957000,0.061000,0.345000,-1.802000,4.977000,-0.473000,0.000000
0.145000,0.949000,0.034000,0.326000,0.107000,2.244000,-3.023000,0.000000
0.164000,1.007000,0.036000,0.322000,2.840000,0.336000,0.046000,0.000000
0.184000,1.023000,0.123000,0.280000,6.809000,1.328000,-5.450000,0.000000
0.204000,1.001000,0.135000,0.236000,-1.359000,-1.496000,-0.183000,0.000000
0.224000,1.065000,0.152000,0.204000,-6.992000,-8.382000,2.687000,0.000000
0.249000,1.172000,0.146000,0.211000,-10.977000,-9.969000,-4.336000,0.000000
0.269000,1.243000,0.119000,0.209000,-6.992000,-8.656000,-19.924000,0.000000
0.287000,1.270000,0.203000,0.238000,-12.336000,3.954000,-31.160000,0.000000
0.306000,1.085000,0.119000,0.101000,-23.664000,9.267000,-26.443000,0.000000
0.325000,1.010000,-0.082000,0.135000,-25.206000,5.954000,-22.580000,0.000000
0.345000,0.915000,-0.197000,0.092000,10.473000,9.374000,-41.847000,0.000000
0.364000,1.209000,0.178000,0.126000,29.679000,19.908000,-39.924000,0.000000
0.389000,1.104000,0.503000,0.005000,-7.252000,45.313000,-17.191000,0.000000
0.408000,0.979000,0.294000,-0.091000,-31.206000,41.664000,-27.542000,0.000000
0.427000,1.064000,0.229000,-0.024000,-23.985000,41.420000,-76.443000,0.000000
0.446000,0.897000,0.247000,0.043000,-58.351000,30.885000,-52.595000,0.000000
0.465000,1.239000,-0.132000,0.131000,-63.053000,42.443000,-21.679000,0.000000
0.484000,1.209000,0.033000,0.043000,-35.725000,60.489000,-53.435000,0.000000
0.509000,1.053000,0.097000,0.150000,-44.290000,58.885000,-61.099000,0.000000
0.527000,0.966000,-0.047000,0.240000,-40.672000,58.855000,-47.496000,0.000000
0.547000,1.001000,0.032000,0.315000,-46.336000,73.786000,6.336000,0.000000
0.566000,0.854000,0.146000,0.243000,-25.939000,63.008000,-24.473000,0.000000
0.586000,0.735000,0.181000,0.430000,-31.527000,46.412000,-24.870000,0.000000
0.599000,0.790000,0.148000,0.546000,-37.160000,46.733000,-2.382000,0.000000
0.624000,0.666000,0.062000,0.765000,-51.802000,44.840000,63.267000,0.000000
0.649000,0.669000,-0.029000,0.725000,-15.298000,24.336000,9.466000,0.000000
0.668000,0.821000,-0.021000,0.801000,3.084000,17.359000,-16.885000,0.000000
0.687000,0.786000,0.045000,0.828000,21.420000,20.977000,-21.282000,0.000000
0.707000,0.663000,0.247000,0.888000,11.725000,15.969000,6.626000,0.000000
0.726000,0.805000,0.260000,0.819000,14.840000,6.611000,-0.153000,0.000000
0.739000,0.885000,0.291000,0.785000,20.443000,3.878000,-13.649000,0.000000
0.766000,0.712000,0.251000,0.756000,17.099000,3.573000,-16.382000,0.000000
0.785000,0.671000,0.260000,0.738000,23.084000,-1.771000,-22.885000,0.000000
0.805000,0.763000,0.216000,0.745000,11.466000,-14.840000,-9.298000,0.000000
0.829000,0.910000,0.058000,0.784000,20.473000,-18.519000,-9.496000,0.000000
0.848000,0.740000,-0.006000,0.758000,20.244000,-11.542000,18.504000,0.000000
0.867000,0.636000,0.099000,0.701000,23.359000,-17.099000,36.855000,0.000000
0.887000,0.797000,0.105000,0.684000,26.260000,-27.908000,36.382000,0.000000
0.899000,0.877000,0.021000,0.710000,27.481000,-32.504000,36.015000,0.000000
0.925000,0.981000,0.087000,0.728000,54.977000,-30.076000,15.710000,0.000000
0.945000,1.047000,0.376000,0.723000,50.214000,-25.985000,22.183000,0.000000
0.964000,0.931000,0.317000,0.678000,30.351000,-23.252000,38.916000,0.000000
0.989000,0.900000,0.229000,0.626000,21.008000,-25.939000,41.008000,0.000000
1.008000,1.002000,0.178000,0.651000,38.565000,-21.176000,19.527000,0.000000
1.027000,0.970000,0.336000,0.622000,44.366000,-18.779000,21.969000,0.000000
1.047000,0.910000,0.356000,0.580000,25.740000,-16.275000,35.511000,0.000000
1.059000,0.982000,0.265000,0.620000,14.947000,-16.076000,41.435000,0.000000
1.086000,1.076000,-0.055000,0.685000,24.015000,0.382000,48.687000,0.000000
1.105000,1.017000,0.108000,0.614000,40.656000,10.656000,34.183000,0.000000
1.124000,0.907000,0.223000,0.527000,45.099000,15.786000,3.725000,0.000000
1.144000,0.754000,0.181000,0.500000,29.115000,-0.061000,32.397000,0.000000
1.169000,0.774000,0.330000,0.480000,19.237000,-1.328000,33.847000,0.000000
1.188000,0.747000,0.437000,0.445000,-11.115000,-11.802000,34.122000,0.000000
1.207000,0.758000,0.329000,0.494000,-29.725000,-29.817000,18.916000,0.000000
1.227000,0.775000,0.401000,0.462000,-49.863000,-45.099000,0.321000,0.000000
1.246000,0.850000,0.224000,0.495000,-65.603000,-53.206000,-4.931000,0.000000
1.265000,0.963000,0.175000,0.475000,-80.305000,-61.282000,-2.046000,0.000000
1.284000,1.157000,0.113000,0.503000,-92.427000,-57.710000,-18.611000,0.000000
1.308000,1.139000,-0.046000,0.435000,-92.580000,-52.824000,-37.038000,0.000000
1.327000,1.217000,-0.192000,0.498000,-68.382000,-33.405000,-30.504000,0.000000
1.346000,1.131000,-0.184000,0.484000,-29.664000,-8.916000,-3.115000,0.000000
1.365000,0.993000,0.016000,0.421000,-10.305000,5.344000,31.328000,0.000000
1.385000,0.886000,0.238000,0.323000,-0.641000,1.618000,22.718000,0.000000
1.405000,0.839000,0.320000,0.284000,-10.641000,-10.534000,4.427000,0.000000
1.425000,0.851000,0.287000,0.268000,-25.924000,-21.038000,4.992000,0.000000
1.449000,0.863000,0.175000,0.297000,-31.985000,-27.618000,1.588000,0.000000
1.468000,0.843000,0.112000,0.266000,-28.504000,-31.954000,-11.908000,0.000000
1.487000,0.901000,0.100000,0.289000,-22.015000,-34.275000,-21.649000,0.000000
1.506000,0.850000,0.054000,0.271000,-18.519000,-37.328000,-23.267000,0.000000
1.525000,0.950000,0.050000,0.248000,-22.107000,-41.771000,-14.031000,0.000000
1.544000,1.113000,-0.003000,0.305000,-21.756000,-36.687000,-11.069000,0.000000
1.568000,1.205000,-0.016000,0.348000,-13.603000,-23.802000,-19.298000,0.000000
1.587000,1.209000,-0.010000,0.360000,-4.275000,-9.405000,-20.916000,0.000000
1.606000,1.218000,0.064000,0.392000,8.763000,6.580000,-26.397000,0.000000
1.626000,0.935000,0.018000,0.262000,15.130000,-0.382000,-22.962000,0.000000
1.645000,0.926000,0.096000,0.268000,10.809000,-11.298000,-4.214000,0.000000
1.665000,1.047000,0.067000,0.360000,13.069000,-12.183000,13.282000,0.000000
1.684000,1.115000,0.135000,0.390000,22.519000,0.229000,17.878000,0.000000
1.704000,1.036000,0.281000,0.323000,20.626000,10.260000,7.466000,0.000000
1.724000,0.940000,0.326000,0.250000,-3.023000,10.473000,1.954000,0.000000
1.749000,0.900000,0.180000,0.293000,-7.893000,-6.718000,-7.527000,0.000000
1.768000,1.031000,0.157000,0.404000,-11.298000,-7.496000,6.321000,0.000000
1.788000,1.067000,0.134000,0.444000,-3.740000,1.802000,2.595000,0.000000
1.808000,1.074000,0.190000,0.442000,-0.763000,9.939000,-0.076000,0.000000
1.828000,1.074000,0.260000,0.403000,-7.008000,19.282000,-1.863000,0.000000
1.847000,0.998000,0.234000,0.382000,-11.160000,15.802000,-7.649000,0.000000
1.866000,0.942000,0.140000,0.365000,-15.954000,13.160000,-0.473000,0.000000
1.886000,0.943000,0.124000,0.372000,-12.290000,11.450000,4.168000,0.000000
1.906000,0.946000,0.138000,0.351000,-8.519000,13.374000,0.611000,0.000000
1.925000,0.923000,0.171000,0.289000,-10.092000,11.069000,-1.466000,0.000000
1.945000,0.909000,0.119000,0.279000,-11.038000,5.847000,0.000000,0.000000
1.965000,0.926000,0.118000,0.292000,-9.069000,1.237000,4.733000,0.000000
1.984000,1.014000,0.167000,0.325000,-7.023000,1.130000,6.076000,0.000000
