DeltaTime_s,AccelX,AccelY,AccelZ,GyroX,GyroY,GyroZ,Temp
0.000000,0.985000,-0.020000,0.388000,-5.893000,8.855000,-9.176000,0.000000
0.020000,0.851000,-0.074000,0.465000,-40.748000,-9.053000,-27.603000,0.000000
0.040000,0.790000,-0.066000,0.601000,-51.954000,47.267000,-84.626000,0.000000
0.065000,1.000000,-0.014000,0.010000,-13.954000,7.252000,-6.809000,0.000000
0.084000,1.014000,0.005000,0.039000,-14.397000,4.885000,-12.763000,0.000000
0.104000,1.017000,0.010000,0.030000,-14.244000,2.122000,-15.008000,0.000000
0.128000,1.029000,-0.004000,0.017000,-16.489000,1.023000,-8.458000,0.000000
0.148000,1.051000,-0.046000,0.017000,-18.580000,1.176000,-1.008000,0.000000
0.167000,1.062000,-0.060000,0.002000,-17.237000,3.237000,1.038000,0.000000
0.187000,1.037000,-0.090000,0.025000,-15.985000,3.191000,6.626000,0.000000
0.206000,1.051000,-0.107000,0.008000,-11.557000,3.099000,8.183000,0.000000
0.226000,1.068000,-0.088000,0.010000,-5.832000,1.786000,1.450000,0.000000
0.246000,1.041000,-0.063000,-0.041000,-6.137000,1.023000,-0.641000,0.000000
0.265000,1.070000,-0.054000,-0.057000,-6.840000,2.458000,4.519000,0.000000
0.284000,1.079000,-0.050000,-0.087000,-5.954000,3.847000,5.099000,0.000000
0.304000,1.088000,0.017000,-0.092000,-7.435000,7.115000,5.847000,0.000000
0.322000,1.066000,0.041000,-0.073000,-8.260000,8.947000,-2.733000,0.000000
0.348000,1.006000,0.091000,-0.064000,-12.962000,10.244000,-15.405000,0.000000
0.367000,1.025000,0.095000,-0.050000,-15.908000,10.794000,-23.969000,0.000000
0.386000,1.119000,-0.032000,-0.072000,-15.374000,8.168000,-34.214000,0.000000
0.405000,1.125000,-0.001000,-0.076000,-22.992000,8.992000,-26.611000,0.000000
0.424000,1.065000,-0.016000,-0.073000,-29.634000,11.069000,-9.191000,0.000000
0.448000,1.064000,0.017000,-0.048000,-33.450000,9.450000,-6.275000,0.000000
0.468000,1.071000,0.007000,-0.047000,-37.420000,11.802000,7.603000,0.000000
0.488000,1.019000,-0.024000,-0.010000,-36.153000,8.870000,4.489000,0.000000
0.507000,1.022000,-0.109000,0.029000,-34.992000,10.351000,17.298000,0.000000
0.525000,1.041000,-0.190000,0.040000,-21.115000,11.756000,21.176000,0.000000
0.545000,1.044000,-0.098000,0.023000,-13.634000,11.832000,12.718000,0.000000
0.564000,1.024000,-0.072000,0.044000,-8.046000,11.786000,-3.008000,0.000000
0.589000,1.034000,-0.113000,0.067000,-5.511000,14.473000,0.305000,0.000000
0.608000,0.980000,-0.132000,0.022000,-2.443000,15.466000,7.985000,0.000000
0.628000,0.988000,-0.085000,0.070000,9.420000,13.130000,-0.885000,0.000000
0.648000,0.993000,-0.003000,0.050000,9.908000,13.252000,3.206000,0.000000
0.667000,1.015000,0.042000,0.006000,9.496000,10.931000,-2.458000,0.000000
0.687000,1.013000,0.081000,-0.010000,9.832000,8.901000,-9.954000,0.000000
0.706000,0.997000,0.140000,-0.021000,4.901000,7.023000,-6.931000,0.000000
0.726000,1.015000,0.061000,0.000000,-1.084000,7.282000,0.885000,0.000000
0.749000,0.997000,0.063000,-0.030000,-4.244000,7.771000,8.290000,0.000000
0.767000,1.013000,-0.005000,0.001000,-3.344000,6.718000,2.733000,0.000000
0.786000,0.967000,-0.064000,0.014000,-7.084000,2.855000,13.405000,0.000000
0.805000,0.995000,-0.051000,0.025000,-3.847000,-0.397000,10.565000,0.000000
0.824000,1.050000,-0.122000,0.061000,0.031000,-2.489000,8.916000,0.000000
0.842000,1.041000,-0.116000,0.067000,5.145000,-6.015000,9.298000,0.000000
0.869000,1.037000,-0.073000,0.057000,4.611000,-8.458000,21.374000,0.000000
0.888000,1.012000,-0.095000,0.069000,7.420000,-14.962000,15.878000,0.000000
0.907000,1.070000,-0.118000,0.105000,17.725000,-19.725000,8.794000,0.000000
0.927000,1.057000,-0.092000,0.093000,20.244000,-13.924000,23.282000,0.000000
0.946000,1.053000,-0.094000,0.114000,24.992000,-9.099000,30.168000,0.000000
0.965000,0.991000,-0.063000,0.083000,28.702000,-10.107000,23.282000,0.000000
0.984000,0.977000,-0.091000,0.057000,34.351000,-11.985000,17.053000,0.000000
1.009000,0.987000,0.021000,0.049000,23.557000,-11.389000,35.237000,0.000000
1.028000,1.023000,-0.177000,0.052000,20.092000,-15.832000,36.672000,0.000000
1.047000,1.025000,-0.210000,0.032000,32.702000,-22.092000,11.389000,0.000000
1.066000,1.064000,-0.095000,0.043000,38.565000,-23.084000,4.076000,0.000000
1.085000,1.110000,-0.030000,0.016000,31.237000,-19.649000,17.618000,0.000000
1.104000,1.106000,-0.054000,-0.012000,19.298000,-15.130000,21.954000,0.000000
1.124000,1.139000,-0.191000,0.026000,26.916000,-15.802000,6.550000,0.000000
1.148000,1.137000,-0.160000,0.040000,41.511000,-10.672000,1.878000,0.000000
1.168000,1.180000,0.029000,0.028000,38.137000,4.153000,18.656000,0.000000
1.187000,0.998000,0.030000,-0.073000,25.282000,-0.229000,13.450000,0.000000
1.206000,1.104000,-0.082000,0.021000,24.122000,-12.198000,13.740000,0.000000
1.226000,1.144000,-0.197000,0.132000,34.962000,0.931000,10.885000,0.000000
1.245000,1.106000,-0.114000,0.137000,56.382000,14.092000,-10.504000,0.000000
1.264000,0.895000,-0.035000,-0.003000,60.244000,20.794000,-29.649000,0.000000
1.289000,0.912000,-0.153000,-0.128000,61.908000,7.206000,-29.542000,0.000000
1.308000,1.066000,-0.035000,0.117000,58.901000,12.046000,-6.809000,0.000000
1.327000,0.952000,-0.099000,0.083000,65.695000,8.809000,-3.298000,0.000000
1.347000,0.994000,-0.060000,0.076000,71.084000,7.695000,11.435000,0.000000
1.367000,1.077000,0.020000,0.078000,67.695000,14.015000,20.061000,0.000000
1.386000,1.078000,0.070000,0.094000,58.473000,17.939000,22.046000,0.000000
1.406000,1.087000,0.086000,0.117000,47.695000,21.832000,12.183000,0.000000
1.426000,1.112000,0.100000,0.169000,34.153000,29.099000,-0.519000,0.000000
1.445000,1.092000,0.071000,0.198000,20.061000,36.031000,-3.420000,0.000000
1.465000,0.980000,0.006000,0.217000,8.000000,33.649000,-12.687000,0.000000
1.489000,0.908000,-0.066000,0.286000,4.550000,22.290000,-15.481000,0.000000
1.508000,1.020000,-0.178000,0.380000,17.511000,13.817000,-23.863000,0.000000
1.527000,1.075000,-0.076000,0.361000,24.519000,22.489000,-32.718000,0.000000
1.546000,1.066000,-0.019000,0.336000,18.321000,29.053000,-12.504000,0.000000
1.566000,1.016000,-0.013000,0.296000,9.878000,31.710000,-0.321000,0.000000
1.586000,1.032000,-0.015000,0.318000,8.183000,31.939000,4.122000,0.000000
1.605000,0.963000,-0.005000,0.286000,7.969000,31.115000,11.878000,0.000000
1.625000,0.961000,-0.026000,0.327000,10.229000,25.664000,9.832000,0.000000
1.645000,0.900000,0.200000,0.333000,6.580000,18.870000,7.084000,0.000000
1.665000,0.951000,0.110000,0.288000,6.290000,20.733000,0.687000,0.000000
1.683000,0.941000,0.067000,0.260000,-4.427000,18.061000,4.168000,0.000000
1.708000,0.980000,0.016000,0.280000,-10.153000,11.313000,4.733000,0.000000
1.728000,0.960000,-0.019000,0.280000,-14.122000,11.511000,6.901000,0.000000
1.747000,0.973000,-0.066000,0.282000,-16.595000,7.450000,10.824000,0.000000
1.767000,0.978000,-0.085000,0.265000,-16.763000,5.695000,7.863000,0.000000
1.787000,1.001000,-0.099000,0.262000,-14.412000,3.710000,4.290000,0.000000
1.806000,1.037000,-0.093000,0.263000,-14.427000,5.832000,0.718000,0.000000
1.826000,1.031000,-0.095000,0.240000,-13.847000,8.031000,-3.099000,0.000000
1.845000,1.041000,-0.096000,0.229000,-14.076000,9.405000,-3.267000,0.000000
1.863000,1.105000,-0.106000,0.270000,-13.252000,14.443000,-3.267000,0.000000
1.888000,1.113000,-0.107000,0.270000,-9.160000,20.931000,-11.786000,0.000000
1.907000,1.103000,-0.065000,0.248000,-5.969000,26.916000,-17.847000,0.000000
1.927000,0.919000,-0.068000,0.189000,-6.168000,21.740000,-22.458000,0.000000
1.946000,0.890000,-0.081000,0.206000,-6.947000,8.458000,-9.679000,0.000000
1.966000,0.942000,-0.085000,0.220000,-6.000000,0.122000,7.939000,0.000000
1.985000,1.010000,-0.056000,0.217000,-4.244000,-4.046000,11.252000,0.000000
