DeltaTime_s,AccelX,AccelY,AccelZ,GyroX,GyroY,GyroZ,Temp
0.000000,1.121000,-0.023000,-0.041000,-5.771000,6.031000,-0.290000,0.000000
0.021000,1.091000,0.006000,-0.082000,-6.382000,5.084000,4.519000,0.000000
0.041000,1.146000,0.016000,-0.067000,-13.878000,4.855000,12.076000,0.000000
0.048000,1.176000,0.007000,-0.075000,-15.924000,6.672000,13.710000,0.000000
0.057000,1.229000,0.005000,-0.040000,-16.550000,7.924000,9.740000,0.000000
0.067000,1.234000,-0.013000,-0.060000,-17.313000,11.267000,8.504000,0.000000
0.074000,1.196000,-0.031000,-0.065000,-18.427000,14.824000,8.595000,0.000000
0.090000,1.167000,-0.051000,-0.056000,-16.992000,15.328000,7.603000,0.000000
0.098000,1.157000,-0.065000,-0.048000,-16.198000,14.824000,6.290000,0.000000
0.110000,1.155000,-0.066000,-0.044000,-15.832000,15.802000,6.000000,0.000000
0.119000,1.137000,-0.076000,-0.038000,-14.321000,15.542000,8.534000,0.000000
0.130000,1.148000,-0.077000,-0.028000,-13.679000,16.718000,12.214000,0.000000
0.136000,1.150000,-0.079000,-0.031000,-12.962000,18.290000,16.229000,0.000000
0.148000,1.135000,-0.067000,-0.034000,-12.122000,19.847000,19.786000,0.000000
0.160000,1.147000,-0.062000,-0.023000,-11.252000,22.061000,22.015000,0.000000
0.167000,1.154000,-0.058000,-0.031000,-10.947000,24.275000,24.122000,0.000000
0.180000,1.155000,-0.037000,-0.017000,-12.061000,26.473000,25.908000,0.000000
0.186000,1.149000,-0.053000,-0.020000,-13.282000,27.389000,27.588000,0.000000
0.198000,1.168000,-0.068000,-0.009000,-12.687000,26.397000,25.908000,0.000000
0.211000,1.171000,-0.063000,0.001000,-13.053000,27.282000,23.527000,0.000000
0.231000,1.179000,-0.063000,0.009000,-14.137000,27.435000,10.366000,0.000000
0.237000,1.153000,-0.065000,0.000000,-14.443000,24.763000,4.092000,0.000000
0.248000,1.130000,-0.077000,-0.005000,-13.374000,24.061000,-0.870000,0.000000
0.259000,1.115000,-0.081000,-0.002000,-14.840000,25.115000,-3.069000,0.000000
0.267000,1.098000,-0.089000,0.021000,-13.924000,26.260000,-4.000000,0.000000
0.279000,1.083000,-0.105000,0.029000,-11.679000,27.740000,-0.122000,0.000000
0.284000,1.074000,-0.108000,0.036000,-9.664000,28.321000,4.473000,0.000000
0.300000,1.058000,-0.112000,0.038000,-8.031000,28.183000,9.679000,0.000000
0.307000,1.045000,-0.104000,0.036000,-7.405000,27.863000,14.168000,0.000000
0.320000,1.048000,-0.090000,0.027000,-6.748000,28.290000,20.641000,0.000000
0.327000,1.060000,-0.082000,0.040000,-6.947000,30.916000,25.588000,0.000000
0.338000,1.081000,-0.061000,0.025000,-7.115000,33.481000,27.206000,0.000000
0.350000,1.105000,-0.043000,0.022000,-7.725000,33.847000,24.290000,0.000000
0.358000,1.101000,-0.060000,0.036000,-7.664000,31.557000,15.557000,0.000000
0.370000,1.104000,-0.055000,0.028000,-6.244000,29.191000,7.389000,0.000000
0.378000,1.091000,-0.045000,0.025000,-6.550000,28.504000,2.519000,0.000000
0.390000,1.066000,-0.052000,0.031000,-7.481000,28.031000,1.313000,0.000000
0.396000,1.020000,-0.069000,0.037000,-7.084000,27.603000,3.985000,0.000000
0.408000,0.995000,-0.069000,0.045000,-6.916000,27.634000,10.641000,0.000000
0.416000,1.004000,-0.071000,0.052000,-8.290000,29.634000,19.130000,0.000000
0.428000,1.018000,-0.073000,0.052000,-7.389000,31.374000,25.664000,0.000000
0.436000,1.023000,-0.062000,0.060000,-8.504000,33.542000,31.298000,0.000000
0.446000,1.028000,-0.066000,0.071000,-8.641000,34.840000,32.947000,0.000000
0.455000,1.033000,-0.079000,0.066000,-8.076000,33.328000,30.458000,0.000000
0.464000,1.052000,-0.071000,0.063000,-7.695000,31.542000,27.634000,0.000000
0.477000,1.085000,-0.052000,0.067000,-8.412000,30.427000,20.244000,0.000000
0.486000,1.085000,-0.041000,0.057000,-10.168000,30.351000,12.412000,0.000000
0.496000,1.069000,-0.047000,0.062000,-12.687000,29.588000,4.870000,0.000000
0.510000,1.065000,-0.054000,0.081000,-14.321000,28.901000,-2.183000,0.000000
0.518000,1.034000,-0.076000,0.075000,-15.618000,28.687000,-7.252000,0.000000
0.531000,0.988000,-0.095000,0.090000,-15.847000,27.053000,-9.374000,0.000000
0.537000,0.960000,-0.121000,0.085000,-16.702000,25.725000,-7.985000,0.000000
0.549000,0.944000,-0.123000,0.096000,-16.962000,24.885000,-3.878000,0.000000
0.557000,0.936000,-0.141000,0.112000,-16.168000,25.176000,-0.198000,0.000000
0.564000,0.931000,-0.156000,0.119000,-13.756000,24.794000,1.740000,0.000000
0.581000,0.921000,-0.164000,0.121000,-12.076000,24.473000,3.969000,0.000000
0.583000,0.905000,-0.180000,0.132000,-9.863000,23.359000,7.359000,0.000000
0.601000,0.915000,-0.170000,0.141000,-9.206000,21.847000,13.115000,0.000000
0.608000,0.992000,-0.140000,0.140000,-9.878000,23.924000,14.855000,0.000000
0.618000,1.022000,-0.115000,0.147000,-8.824000,24.672000,9.710000,0.000000
0.626000,1.039000,-0.090000,0.128000,-7.481000,23.389000,-1.176000,0.000000
0.632000,1.073000,-0.020000,0.135000,-9.313000,22.443000,-16.214000,0.000000
0.651000,1.021000,0.001000,0.114000,-10.977000,20.611000,-33.496000,0.000000
0.659000,0.942000,-0.005000,0.088000,-13.740000,15.878000,-44.840000,0.000000
0.669000,0.894000,-0.044000,0.096000,-18.122000,12.290000,-48.748000,0.000000
0.673000,0.868000,-0.087000,0.126000,-20.687000,8.061000,-47.374000,0.000000
0.688000,0.844000,-0.113000,0.126000,-19.679000,3.527000,-43.313000,0.000000
0.697000,0.859000,-0.147000,0.152000,-20.519000,2.550000,-34.244000,0.000000
0.709000,0.867000,-0.177000,0.171000,-20.962000,3.969000,-24.504000,0.000000
0.721000,0.857000,-0.194000,0.214000,-11.893000,5.130000,-12.870000,0.000000
0.737000,0.862000,-0.137000,0.158000,-3.939000,5.099000,4.580000,0.000000
0.748000,0.884000,-0.131000,0.137000,-4.229000,4.290000,12.214000,0.000000
0.760000,0.922000,-0.110000,0.139000,-4.687000,2.779000,16.443000,0.000000
0.766000,0.968000,-0.086000,0.144000,-7.695000,2.885000,16.290000,0.000000
0.778000,1.003000,-0.080000,0.131000,-7.832000,2.565000,9.206000,0.000000
0.785000,1.024000,-0.060000,0.152000,-8.336000,0.779000,-0.641000,0.000000
0.798000,0.997000,-0.090000,0.131000,-7.267000,-1.771000,-7.893000,0.000000
0.810000,0.970000,-0.118000,0.121000,-8.824000,-1.450000,-8.626000,0.000000
0.819000,0.934000,-0.181000,0.140000,-7.695000,-1.527000,-5.023000,0.000000
0.830000,0.924000,-0.203000,0.153000,-4.947000,0.153000,3.634000,0.000000
0.834000,0.939000,-0.222000,0.160000,-0.870000,2.656000,13.084000,0.000000
0.851000,0.982000,-0.190000,0.159000,3.176000,4.198000,18.855000,0.000000
0.855000,1.030000,-0.156000,0.133000,5.634000,4.611000,18.794000,0.000000
0.868000,1.052000,-0.145000,0.140000,6.626000,6.000000,14.458000,0.000000
0.876000,1.076000,-0.133000,0.132000,8.611000,8.229000,9.954000,0.000000
0.889000,1.056000,-0.123000,0.129000,8.412000,10.458000,6.229000,0.000000
0.891000,1.062000,-0.119000,0.119000,8.366000,13.221000,7.069000,0.000000
0.909000,1.051000,-0.114000,0.124000,7.878000,15.908000,5.710000,0.000000
0.916000,1.047000,-0.080000,0.115000,5.649000,17.817000,4.336000,0.000000
0.925000,1.008000,-0.103000,0.110000,4.779000,19.908000,5.267000,0.000000
0.932000,1.038000,-0.103000,0.149000,4.092000,23.847000,5.695000,0.000000
0.948000,1.023000,-0.129000,0.174000,6.595000,25.908000,3.939000,0.000000
0.960000,1.004000,-0.134000,0.187000,11.344000,27.435000,4.427000,0.000000
0.964000,0.987000,-0.128000,0.201000,15.603000,30.122000,4.046000,0.000000
0.980000,0.963000,-0.082000,0.171000,19.206000,31.847000,6.336000,0.000000
0.987000,0.963000,-0.057000,0.162000,18.336000,34.779000,8.733000,0.000000
1.000000,0.930000,-0.072000,0.159000,18.489000,35.847000,11.069000,0.000000
1.008000,0.960000,-0.072000,0.182000,16.763000,37.481000,15.893000,0.000000
1.019000,0.951000,-0.090000,0.209000,16.458000,36.763000,17.466000,0.000000
1.027000,0.981000,-0.060000,0.199000,12.672000,33.939000,14.046000,0.000000
